0.000 -0.000 0.666 -0.000 1.203 0.000 0.537 0.000
0.010 -0.000 0.666 -0.000 1.203 0.000 0.537 0.000
0.030 0.001 0.666 -0.001 1.203 -0.001 0.537 0.000
0.050 0.002 0.666 -0.002 1.203 -0.002 0.537 0.001
0.070 0.005 0.666 -0.004 1.203 -0.005 0.537 0.003
0.090 0.007 0.666 -0.006 1.203 -0.007 0.537 0.004
0.110 0.009 0.666 -0.008 1.203 -0.010 0.537 0.005
0.130 0.011 0.666 -0.009 1.203 -0.011 0.537 0.006
0.150 0.013 0.666 -0.011 1.203 -0.013 0.537 0.007
0.170 0.015 0.666 -0.013 1.203 -0.015 0.537 0.008
0.190 0.017 0.666 -0.014 1.203 -0.017 0.537 0.009
0.210 0.019 0.666 -0.016 1.203 -0.019 0.537 0.010
0.230 0.020 0.665 -0.017 1.203 -0.021 0.537 0.011
0.250 0.022 0.665 -0.019 1.203 -0.023 0.538 0.012
0.270 0.024 0.665 -0.020 1.203 -0.025 0.538 0.013
0.290 0.026 0.665 -0.022 1.203 -0.027 0.538 0.014
0.310 0.028 0.665 -0.024 1.203 -0.028 0.538 0.015
0.330 0.030 0.665 -0.025 1.203 -0.030 0.538 0.016
0.350 0.031 0.665 -0.027 1.203 -0.032 0.539 0.017
0.370 0.033 0.664 -0.028 1.203 -0.034 0.539 0.018
0.390 0.035 0.664 -0.030 1.203 -0.036 0.539 0.019
0.410 0.037 0.664 -0.031 1.203 -0.038 0.539 0.020
0.430 0.039 0.664 -0.033 1.203 -0.039 0.540 0.021
0.450 0.040 0.664 -0.034 1.203 -0.041 0.540 0.022
0.470 0.042 0.663 -0.036 1.203 -0.043 0.540 0.023
0.490 0.044 0.663 -0.038 1.203 -0.045 0.540 0.024
0.510 0.046 0.663 -0.039 1.203 -0.047 0.541 0.025
0.530 0.048 0.663 -0.041 1.203 -0.049 0.541 0.026
0.550 0.049 0.662 -0.042 1.203 -0.050 0.541 0.027
0.570 0.051 0.662 -0.044 1.203 -0.052 0.542 0.028
0.590 0.053 0.662 -0.045 1.203 -0.054 0.542 0.029
0.610 0.055 0.661 -0.047 1.203 -0.056 0.543 0.030
0.630 0.056 0.661 -0.048 1.203 -0.057 0.543 0.031
0.650 0.058 0.661 -0.050 1.203 -0.059 0.543 0.032
0.670 0.060 0.660 -0.051 1.203 -0.061 0.544 0.033
0.690 0.061 0.660 -0.053 1.203 -0.062 0.544 0.034
0.710 0.063 0.660 -0.054 1.203 -0.064 0.545 0.035
0.730 0.065 0.659 -0.056 1.203 -0.066 0.545 0.036
0.750 0.066 0.659 -0.057 1.203 -0.068 0.546 0.037
0.770 0.068 0.659 -0.059 1.203 -0.069 0.546 0.038
0.790 0.070 0.658 -0.060 1.203 -0.071 0.547 0.039
0.810 0.071 0.658 -0.062 1.203 -0.072 0.547 0.039
0.830 0.073 0.657 -0.063 1.203 -0.074 0.548 0.040
0.850 0.075 0.657 -0.065 1.203 -0.076 0.548 0.041
0.870 0.076 0.656 -0.066 1.203 -0.077 0.549 0.042
0.890 0.078 0.656 -0.067 1.203 -0.079 0.549 0.043
0.910 0.079 0.656 -0.069 1.203 -0.080 0.550 0.044
0.930 0.081 0.655 -0.070 1.203 -0.082 0.550 0.045
0.950 0.082 0.655 -0.072 1.203 -0.084 0.551 0.046
0.970 0.084 0.654 -0.073 1.203 -0.085 0.552 0.047
0.990 0.085 0.654 -0.075 1.203 -0.087 0.552 0.048
1.010 0.087 0.653 -0.076 1.203 -0.088 0.553 0.048
1.030 0.088 0.653 -0.077 1.203 -0.089 0.553 0.049
1.050 0.090 0.652 -0.079 1.203 -0.091 0.554 0.050
1.070 0.091 0.652 -0.080 1.203 -0.092 0.555 0.051
1.090 0.093 0.651 -0.082 1.203 -0.094 0.555 0.052
1.110 0.094 0.650 -0.083 1.203 -0.095 0.556 0.053
1.130 0.096 0.650 -0.084 1.203 -0.097 0.557 0.054
1.150 0.097 0.649 -0.086 1.203 -0.098 0.557 0.054
1.170 0.098 0.649 -0.087 1.203 -0.099 0.558 0.055
1.190 0.100 0.648 -0.088 1.203 -0.101 0.559 0.056
1.210 0.101 0.648 -0.090 1.203 -0.102 0.559 0.057
1.230 0.103 0.647 -0.091 1.203 -0.103 0.560 0.058
1.250 0.104 0.646 -0.092 1.203 -0.104 0.561 0.058
1.270 0.105 0.646 -0.094 1.203 -0.106 0.562 0.059
1.290 0.106 0.645 -0.095 1.203 -0.107 0.562 0.060
1.310 0.108 0.644 -0.096 1.203 -0.108 0.563 0.061
1.330 0.109 0.644 -0.097 1.203 -0.109 0.564 0.061
1.350 0.110 0.643 -0.099 1.203 -0.111 0.565 0.062
1.370 0.111 0.642 -0.100 1.203 -0.112 0.566 0.063
1.390 0.113 0.642 -0.101 1.203 -0.113 0.566 0.064
1.410 0.114 0.641 -0.102 1.203 -0.114 0.567 0.064
1.430 0.115 0.640 -0.104 1.203 -0.115 0.568 0.065
1.450 0.116 0.640 -0.105 1.203 -0.116 0.569 0.066
1.470 0.117 0.639 -0.106 1.203 -0.117 0.570 0.067
1.490 0.118 0.638 -0.107 1.203 -0.118 0.571 0.067
1.510 0.120 0.637 -0.108 1.203 -0.119 0.571 0.068
1.530 0.121 0.637 -0.109 1.203 -0.120 0.572 0.069
1.550 0.122 0.636 -0.111 1.203 -0.121 0.573 0.069
1.570 0.123 0.635 -0.112 1.203 -0.122 0.574 0.070
1.590 0.124 0.634 -0.113 1.203 -0.123 0.575 0.071
1.610 0.125 0.634 -0.114 1.203 -0.124 0.576 0.071
1.630 0.126 0.633 -0.115 1.203 -0.125 0.577 0.072
1.650 0.127 0.632 -0.116 1.203 -0.126 0.578 0.072
1.670 0.128 0.631 -0.117 1.203 -0.126 0.578 0.073
1.690 0.129 0.630 -0.118 1.203 -0.127 0.579 0.074
1.710 0.130 0.630 -0.119 1.203 -0.128 0.580 0.074
1.730 0.131 0.629 -0.120 1.203 -0.129 0.581 0.075
1.750 0.131 0.628 -0.121 1.203 -0.130 0.582 0.075
1.770 0.132 0.627 -0.122 1.203 -0.130 0.583 0.076
1.790 0.133 0.626 -0.123 1.203 -0.131 0.584 0.076
1.810 0.134 0.625 -0.124 1.203 -0.132 0.585 0.077
1.830 0.135 0.624 -0.125 1.203 -0.132 0.586 0.077
1.850 0.136 0.624 -0.126 1.203 -0.133 0.587 0.078
1.870 0.136 0.623 -0.127 1.203 -0.133 0.588 0.078
1.890 0.137 0.622 -0.128 1.203 -0.134 0.589 0.079
1.910 0.138 0.621 -0.129 1.203 -0.135 0.590 0.079
1.930 0.138 0.620 -0.129 1.203 -0.135 0.591 0.079
1.950 0.139 0.619 -0.130 1.203 -0.136 0.592 0.080
1.970 0.140 0.618 -0.131 1.203 -0.136 0.593 0.080
1.990 0.141 0.617 -0.132 1.203 -0.137 0.594 0.081
2.010 0.141 0.616 -0.133 1.203 -0.137 0.595 0.081
2.030 0.142 0.616 -0.134 1.203 -0.137 0.596 0.081
2.050 0.142 0.615 -0.134 1.203 -0.138 0.597 0.082
2.070 0.143 0.614 -0.135 1.203 -0.138 0.598 0.082
2.090 0.143 0.613 -0.136 1.203 -0.138 0.599 0.082
2.110 0.144 0.612 -0.136 1.203 -0.139 0.600 0.083
2.130 0.145 0.611 -0.137 1.203 -0.139 0.601 0.083
2.150 0.145 0.610 -0.138 1.203 -0.139 0.602 0.083
2.170 0.145 0.609 -0.138 1.203 -0.140 0.603 0.084
2.190 0.146 0.608 -0.139 1.203 -0.140 0.604 0.084
2.210 0.146 0.607 -0.140 1.203 -0.140 0.605 0.084
2.230 0.147 0.606 -0.140 1.203 -0.140 0.606 0.084
2.250 0.147 0.605 -0.141 1.203 -0.140 0.607 0.084
2.270 0.148 0.604 -0.141 1.203 -0.141 0.608 0.085
2.290 0.148 0.603 -0.142 1.203 -0.141 0.609 0.085
2.310 0.148 0.602 -0.142 1.203 -0.141 0.610 0.085
2.330 0.149 0.601 -0.143 1.203 -0.141 0.611 0.085
2.350 0.149 0.600 -0.143 1.203 -0.141 0.612 0.085
2.370 0.149 0.599 -0.144 1.203 -0.141 0.613 0.085
2.390 0.149 0.598 -0.144 1.203 -0.141 0.614 0.085
2.410 0.150 0.597 -0.145 1.203 -0.141 0.615 0.085
2.430 0.150 0.596 -0.145 1.203 -0.141 0.616 0.085
2.450 0.150 0.595 -0.145 1.203 -0.141 0.617 0.085
2.470 0.150 0.594 -0.146 1.203 -0.141 0.618 0.085
2.490 0.150 0.593 -0.146 1.203 -0.140 0.619 0.085
2.510 0.151 0.592 -0.146 1.203 -0.140 0.620 0.085
2.530 0.151 0.591 -0.146 1.203 -0.140 0.621 0.085
2.550 0.151 0.590 -0.147 1.203 -0.140 0.622 0.085
2.570 0.151 0.589 -0.147 1.203 -0.140 0.623 0.085
2.590 0.151 0.588 -0.147 1.203 -0.140 0.625 0.085
2.610 0.151 0.587 -0.147 1.203 -0.139 0.626 0.085
2.630 0.151 0.586 -0.147 1.203 -0.139 0.627 0.085
2.650 0.151 0.585 -0.148 1.203 -0.139 0.628 0.085
2.670 0.151 0.584 -0.148 1.203 -0.138 0.629 0.085
2.690 0.151 0.583 -0.148 1.203 -0.138 0.630 0.084
2.710 0.151 0.582 -0.148 1.203 -0.138 0.631 0.084
2.730 0.151 0.581 -0.148 1.203 -0.137 0.632 0.084
2.750 0.151 0.580 -0.148 1.203 -0.137 0.633 0.084
2.770 0.151 0.579 -0.148 1.203 -0.137 0.634 0.083
2.790 0.151 0.578 -0.148 1.203 -0.136 0.635 0.083
2.810 0.151 0.577 -0.148 1.203 -0.136 0.636 0.083
2.830 0.151 0.575 -0.148 1.203 -0.135 0.637 0.082
2.850 0.150 0.574 -0.148 1.203 -0.135 0.638 0.082
2.870 0.150 0.573 -0.148 1.203 -0.134 0.639 0.082
2.890 0.150 0.572 -0.147 1.203 -0.134 0.640 0.081
2.910 0.150 0.571 -0.147 1.203 -0.133 0.641 0.081
2.930 0.150 0.570 -0.147 1.203 -0.132 0.641 0.081
2.950 0.149 0.569 -0.147 1.203 -0.132 0.642 0.080
2.970 0.149 0.568 -0.146 1.203 -0.131 0.643 0.080
2.990 0.149 0.567 -0.146 1.203 -0.131 0.644 0.079
3.010 0.149 0.566 -0.146 1.203 -0.130 0.645 0.079
3.030 0.148 0.565 -0.146 1.203 -0.129 0.646 0.078
3.050 0.148 0.564 -0.145 1.203 -0.129 0.647 0.078
3.070 0.148 0.563 -0.145 1.203 -0.128 0.648 0.077
3.090 0.147 0.562 -0.144 1.203 -0.127 0.649 0.077
3.110 0.147 0.561 -0.144 1.203 -0.127 0.650 0.076
3.130 0.147 0.560 -0.144 1.203 -0.126 0.651 0.075
3.150 0.146 0.559 -0.143 1.203 -0.125 0.652 0.075
3.170 0.146 0.558 -0.143 1.203 -0.124 0.653 0.074
3.190 0.146 0.557 -0.142 1.203 -0.123 0.654 0.073
3.210 0.145 0.556 -0.141 1.203 -0.123 0.655 0.073
3.230 0.145 0.555 -0.141 1.203 -0.122 0.655 0.072
3.250 0.144 0.554 -0.140 1.203 -0.121 0.656 0.071
3.270 0.144 0.553 -0.140 1.203 -0.120 0.657 0.071
3.290 0.143 0.552 -0.139 1.203 -0.119 0.658 0.070
3.310 0.143 0.551 -0.138 1.203 -0.118 0.659 0.069
3.330 0.142 0.551 -0.138 1.203 -0.117 0.660 0.068
3.350 0.142 0.550 -0.137 1.203 -0.116 0.661 0.067
3.370 0.141 0.549 -0.136 1.203 -0.116 0.661 0.067
3.390 0.141 0.548 -0.135 1.203 -0.115 0.662 0.066
3.410 0.140 0.547 -0.135 1.203 -0.114 0.663 0.065
3.430 0.140 0.546 -0.134 1.203 -0.113 0.664 0.064
3.450 0.139 0.545 -0.133 1.203 -0.112 0.665 0.063
3.470 0.138 0.544 -0.132 1.203 -0.111 0.666 0.062
3.490 0.138 0.543 -0.131 1.203 -0.110 0.666 0.061
3.510 0.137 0.542 -0.130 1.203 -0.109 0.667 0.060
3.530 0.137 0.541 -0.129 1.203 -0.108 0.668 0.059
3.550 0.136 0.540 -0.128 1.203 -0.106 0.669 0.058
3.570 0.135 0.540 -0.127 1.203 -0.105 0.669 0.057
3.590 0.135 0.539 -0.126 1.203 -0.104 0.670 0.056
3.610 0.134 0.538 -0.125 1.203 -0.103 0.671 0.055
3.630 0.133 0.537 -0.124 1.203 -0.102 0.672 0.054
3.650 0.133 0.536 -0.123 1.203 -0.101 0.672 0.053
3.670 0.132 0.535 -0.122 1.203 -0.100 0.673 0.052
3.690 0.131 0.535 -0.121 1.203 -0.099 0.674 0.050
3.710 0.130 0.534 -0.120 1.203 -0.098 0.674 0.049
3.730 0.130 0.533 -0.119 1.203 -0.096 0.675 0.048
3.750 0.129 0.532 -0.118 1.203 -0.095 0.676 0.047
3.770 0.128 0.531 -0.116 1.203 -0.094 0.677 0.046
3.790 0.127 0.531 -0.115 1.203 -0.093 0.677 0.044
3.810 0.127 0.530 -0.114 1.203 -0.092 0.678 0.043
3.830 0.126 0.529 -0.113 1.203 -0.090 0.679 0.042
3.850 0.125 0.528 -0.111 1.203 -0.089 0.679 0.041
3.870 0.124 0.527 -0.110 1.203 -0.088 0.680 0.039
3.890 0.124 0.527 -0.109 1.203 -0.087 0.680 0.038
3.910 0.123 0.526 -0.107 1.203 -0.086 0.681 0.037
3.930 0.122 0.525 -0.106 1.203 -0.084 0.682 0.035
3.950 0.121 0.525 -0.105 1.203 -0.083 0.682 0.034
3.970 0.120 0.524 -0.103 1.203 -0.082 0.683 0.033
3.990 0.119 0.523 -0.102 1.203 -0.080 0.683 0.031
4.010 0.119 0.522 -0.100 1.203 -0.079 0.684 0.030
4.030 0.118 0.522 -0.099 1.203 -0.078 0.684 0.028
4.050 0.117 0.521 -0.097 1.203 -0.077 0.685 0.027
4.070 0.116 0.521 -0.096 1.203 -0.075 0.686 0.025
4.090 0.115 0.520 -0.094 1.203 -0.074 0.686 0.024
4.110 0.114 0.519 -0.093 1.203 -0.073 0.687 0.023
4.130 0.113 0.519 -0.091 1.203 -0.071 0.687 0.021
4.150 0.112 0.518 -0.090 1.203 -0.070 0.688 0.020
4.170 0.112 0.517 -0.088 1.203 -0.069 0.688 0.018
4.190 0.111 0.517 -0.086 1.203 -0.067 0.689 0.016
4.210 0.110 0.516 -0.085 1.203 -0.066 0.689 0.015
4.230 0.109 0.516 -0.083 1.203 -0.064 0.689 0.013
4.250 0.108 0.515 -0.082 1.203 -0.063 0.690 0.012
4.270 0.107 0.515 -0.080 1.203 -0.062 0.690 0.010
4.290 0.106 0.514 -0.078 1.203 -0.060 0.691 0.009
4.310 0.105 0.514 -0.076 1.203 -0.059 0.691 0.007
4.330 0.104 0.513 -0.075 1.203 -0.058 0.692 0.005
4.350 0.103 0.513 -0.073 1.203 -0.056 0.692 0.004
4.370 0.102 0.512 -0.071 1.203 -0.055 0.692 0.002
4.390 0.101 0.512 -0.070 1.203 -0.053 0.693 0.000
4.410 0.100 0.511 -0.068 1.203 -0.052 0.693 -0.001
4.430 0.099 0.511 -0.066 1.203 -0.050 0.693 -0.003
4.450 0.099 0.510 -0.064 1.203 -0.049 0.694 -0.005
4.470 0.098 0.510 -0.062 1.203 -0.048 0.694 -0.006
4.490 0.097 0.510 -0.061 1.203 -0.046 0.695 -0.008
4.510 0.096 0.509 -0.059 1.203 -0.045 0.695 -0.010
4.530 0.095 0.509 -0.057 1.203 -0.043 0.695 -0.012
4.550 0.094 0.508 -0.055 1.203 -0.042 0.695 -0.013
4.570 0.093 0.508 -0.053 1.203 -0.040 0.696 -0.015
4.590 0.092 0.508 -0.051 1.203 -0.039 0.696 -0.017
4.610 0.091 0.507 -0.049 1.203 -0.037 0.696 -0.019
4.630 0.090 0.507 -0.048 1.203 -0.036 0.696 -0.021
4.650 0.089 0.507 -0.046 1.203 -0.035 0.697 -0.022
4.670 0.088 0.506 -0.044 1.203 -0.033 0.697 -0.024
4.690 0.087 0.506 -0.042 1.203 -0.032 0.697 -0.026
4.710 0.086 0.506 -0.040 1.203 -0.030 0.697 -0.028
4.730 0.085 0.506 -0.038 1.203 -0.029 0.698 -0.030
4.750 0.084 0.505 -0.036 1.203 -0.027 0.698 -0.031
4.770 0.083 0.505 -0.034 1.203 -0.026 0.698 -0.033
4.790 0.082 0.505 -0.032 1.203 -0.024 0.698 -0.035
4.810 0.081 0.505 -0.030 1.203 -0.023 0.698 -0.037
4.830 0.080 0.505 -0.028 1.203 -0.021 0.698 -0.039
4.850 0.079 0.504 -0.026 1.203 -0.020 0.699 -0.041
4.870 0.078 0.504 -0.024 1.203 -0.018 0.699 -0.042
4.890 0.077 0.504 -0.022 1.203 -0.017 0.699 -0.044
4.910 0.076 0.504 -0.020 1.203 -0.015 0.699 -0.046
4.930 0.075 0.504 -0.018 1.203 -0.014 0.699 -0.048
4.950 0.074 0.504 -0.016 1.203 -0.012 0.699 -0.050
4.970 0.073 0.504 -0.014 1.203 -0.011 0.699 -0.052
4.990 0.072 0.503 -0.012 1.203 -0.009 0.699 -0.054
5.010 0.071 0.503 -0.010 1.203 -0.008 0.699 -0.055
5.030 0.070 0.503 -0.008 1.203 -0.006 0.699 -0.057
5.050 0.069 0.503 -0.006 1.203 -0.005 0.699 -0.059
5.070 0.067 0.503 -0.004 1.203 -0.003 0.699 -0.061
5.090 0.066 0.503 -0.002 1.203 -0.002 0.699 -0.063
5.110 0.065 0.503 -0.000 1.203 -0.000 0.699 -0.065
5.130 0.064 0.503 0.002 1.203 0.001 0.699 -0.067
5.150 0.063 0.503 0.004 1.203 0.003 0.699 -0.069
5.170 0.062 0.503 0.006 1.203 0.004 0.699 -0.071
5.190 0.061 0.503 0.008 1.203 0.006 0.699 -0.072
5.210 0.060 0.503 0.010 1.203 0.007 0.699 -0.074
5.230 0.059 0.503 0.012 1.203 0.009 0.699 -0.076
5.250 0.058 0.504 0.014 1.203 0.010 0.699 -0.078
5.270 0.057 0.504 0.016 1.203 0.012 0.699 -0.080
5.290 0.056 0.504 0.018 1.203 0.013 0.699 -0.082
5.310 0.055 0.504 0.020 1.203 0.015 0.699 -0.084
5.330 0.054 0.504 0.022 1.203 0.016 0.699 -0.086
5.350 0.053 0.504 0.024 1.203 0.018 0.699 -0.087
5.370 0.052 0.504 0.026 1.203 0.019 0.699 -0.089
5.390 0.051 0.504 0.027 1.203 0.021 0.699 -0.091
5.410 0.050 0.505 0.029 1.203 0.022 0.698 -0.093
5.430 0.049 0.505 0.031 1.203 0.024 0.698 -0.095
5.450 0.048 0.505 0.033 1.203 0.025 0.698 -0.097
5.470 0.047 0.505 0.035 1.203 0.027 0.698 -0.098
5.490 0.046 0.506 0.037 1.203 0.028 0.698 -0.100
5.510 0.045 0.506 0.039 1.203 0.030 0.697 -0.102
5.530 0.044 0.506 0.041 1.203 0.031 0.697 -0.104
5.550 0.043 0.506 0.043 1.203 0.032 0.697 -0.106
5.570 0.042 0.507 0.045 1.203 0.034 0.697 -0.108
5.590 0.041 0.507 0.047 1.203 0.035 0.697 -0.109
5.610 0.040 0.507 0.049 1.203 0.037 0.696 -0.111
5.630 0.039 0.508 0.051 1.203 0.038 0.696 -0.113
5.650 0.038 0.508 0.052 1.203 0.040 0.696 -0.115
5.670 0.037 0.508 0.054 1.203 0.041 0.696 -0.116
5.690 0.036 0.509 0.056 1.203 0.043 0.695 -0.118
5.710 0.035 0.509 0.058 1.203 0.044 0.695 -0.120
5.730 0.034 0.509 0.060 1.203 0.046 0.695 -0.122
5.750 0.033 0.510 0.062 1.203 0.047 0.694 -0.123
5.770 0.032 0.510 0.063 1.203 0.048 0.694 -0.125
5.790 0.032 0.511 0.065 1.203 0.050 0.694 -0.127
5.810 0.031 0.511 0.067 1.203 0.051 0.693 -0.129
5.830 0.030 0.511 0.069 1.203 0.053 0.693 -0.130
5.850 0.029 0.512 0.071 1.203 0.054 0.693 -0.132
5.870 0.028 0.512 0.072 1.203 0.056 0.692 -0.134
5.890 0.027 0.513 0.074 1.203 0.057 0.692 -0.135
5.910 0.026 0.513 0.076 1.203 0.058 0.691 -0.137
5.930 0.025 0.514 0.077 1.203 0.060 0.691 -0.139
5.950 0.024 0.514 0.079 1.203 0.061 0.691 -0.140
5.970 0.023 0.515 0.081 1.203 0.063 0.690 -0.142
5.990 0.022 0.516 0.083 1.203 0.064 0.690 -0.143
6.010 0.021 0.516 0.084 1.203 0.065 0.689 -0.145
6.030 0.020 0.517 0.086 1.203 0.067 0.689 -0.147
6.050 0.020 0.517 0.087 1.203 0.068 0.688 -0.148
6.070 0.019 0.518 0.089 1.203 0.069 0.688 -0.150
6.090 0.018 0.518 0.091 1.203 0.071 0.687 -0.151
6.110 0.017 0.519 0.092 1.203 0.072 0.687 -0.153
6.130 0.016 0.520 0.094 1.203 0.073 0.686 -0.154
6.150 0.015 0.520 0.095 1.203 0.075 0.686 -0.156
6.170 0.014 0.521 0.097 1.203 0.076 0.685 -0.157
6.190 0.013 0.522 0.098 1.203 0.077 0.685 -0.159
6.210 0.013 0.522 0.100 1.203 0.079 0.684 -0.160
6.230 0.012 0.523 0.101 1.203 0.080 0.684 -0.161
6.250 0.011 0.524 0.103 1.203 0.081 0.683 -0.163
6.270 0.010 0.524 0.104 1.203 0.082 0.682 -0.164
6.290 0.009 0.525 0.105 1.203 0.084 0.682 -0.166
6.310 0.008 0.526 0.107 1.203 0.085 0.681 -0.167
6.330 0.008 0.526 0.108 1.203 0.086 0.681 -0.168
6.350 0.007 0.527 0.109 1.203 0.088 0.680 -0.170
6.370 0.006 0.528 0.111 1.203 0.089 0.679 -0.171
6.390 0.005 0.529 0.112 1.203 0.090 0.679 -0.172
6.410 0.005 0.529 0.113 1.203 0.091 0.678 -0.174
6.430 0.004 0.530 0.115 1.203 0.092 0.677 -0.175
6.450 0.003 0.531 0.116 1.203 0.094 0.677 -0.176
6.470 0.002 0.532 0.117 1.203 0.095 0.676 -0.177
6.490 0.002 0.533 0.118 1.203 0.096 0.675 -0.179
6.510 0.001 0.533 0.119 1.203 0.097 0.675 -0.180
6.530 0.000 0.534 0.121 1.203 0.098 0.674 -0.181
6.550 -0.001 0.535 0.122 1.203 0.099 0.673 -0.182
6.570 -0.001 0.536 0.123 1.203 0.101 0.673 -0.183
6.590 -0.002 0.537 0.124 1.203 0.102 0.672 -0.184
6.610 -0.003 0.538 0.125 1.203 0.103 0.671 -0.185
6.630 -0.003 0.538 0.126 1.203 0.104 0.670 -0.187
6.650 -0.004 0.539 0.127 1.203 0.105 0.670 -0.188
6.670 -0.005 0.540 0.128 1.203 0.106 0.669 -0.189
6.690 -0.005 0.541 0.129 1.203 0.107 0.668 -0.190
6.710 -0.006 0.542 0.130 1.203 0.108 0.667 -0.191
6.730 -0.006 0.543 0.131 1.203 0.109 0.667 -0.192
6.750 -0.007 0.544 0.132 1.203 0.110 0.666 -0.193
6.770 -0.008 0.545 0.133 1.203 0.111 0.665 -0.194
6.790 -0.008 0.545 0.133 1.203 0.112 0.664 -0.195
6.810 -0.009 0.546 0.134 1.203 0.113 0.663 -0.195
6.830 -0.009 0.547 0.135 1.203 0.114 0.663 -0.196
6.850 -0.010 0.548 0.136 1.203 0.115 0.662 -0.197
6.870 -0.010 0.549 0.137 1.203 0.116 0.661 -0.198
6.890 -0.011 0.550 0.137 1.203 0.117 0.660 -0.199
6.910 -0.011 0.551 0.138 1.203 0.118 0.659 -0.200
6.930 -0.012 0.552 0.139 1.203 0.119 0.658 -0.201
6.950 -0.012 0.553 0.139 1.203 0.120 0.658 -0.201
6.970 -0.013 0.554 0.140 1.203 0.121 0.657 -0.202
6.990 -0.013 0.555 0.141 1.203 0.121 0.656 -0.203
7.010 -0.014 0.556 0.141 1.203 0.122 0.655 -0.204
7.030 -0.014 0.557 0.142 1.203 0.123 0.654 -0.204
7.050 -0.015 0.558 0.142 1.203 0.124 0.653 -0.205
7.070 -0.015 0.559 0.143 1.203 0.125 0.652 -0.206
7.090 -0.015 0.560 0.143 1.203 0.125 0.651 -0.206
7.110 -0.016 0.561 0.144 1.203 0.126 0.650 -0.207
7.130 -0.016 0.562 0.144 1.203 0.127 0.649 -0.207
7.150 -0.016 0.563 0.145 1.203 0.128 0.649 -0.208
7.170 -0.017 0.564 0.145 1.203 0.128 0.648 -0.209
7.190 -0.017 0.565 0.145 1.203 0.129 0.647 -0.209
7.210 -0.017 0.566 0.146 1.203 0.130 0.646 -0.210
7.230 -0.018 0.567 0.146 1.203 0.130 0.645 -0.210
7.250 -0.018 0.568 0.146 1.203 0.131 0.644 -0.211
7.270 -0.018 0.569 0.147 1.203 0.132 0.643 -0.211
7.290 -0.018 0.570 0.147 1.203 0.132 0.642 -0.212
7.310 -0.019 0.571 0.147 1.203 0.133 0.641 -0.212
7.330 -0.019 0.572 0.147 1.203 0.133 0.640 -0.212
7.350 -0.019 0.573 0.147 1.203 0.134 0.639 -0.213
7.370 -0.019 0.574 0.148 1.203 0.134 0.638 -0.213
7.390 -0.019 0.575 0.148 1.203 0.135 0.637 -0.214
7.410 -0.020 0.576 0.148 1.203 0.135 0.636 -0.214
7.430 -0.020 0.577 0.148 1.203 0.136 0.635 -0.214
7.450 -0.020 0.578 0.148 1.203 0.136 0.634 -0.214
7.470 -0.020 0.579 0.148 1.203 0.137 0.633 -0.215
7.490 -0.020 0.580 0.148 1.203 0.137 0.632 -0.215
7.510 -0.020 0.581 0.148 1.203 0.138 0.631 -0.215
7.530 -0.020 0.582 0.148 1.203 0.138 0.630 -0.215
7.550 -0.020 0.583 0.148 1.203 0.138 0.629 -0.216
7.570 -0.020 0.584 0.148 1.203 0.139 0.628 -0.216
7.590 -0.020 0.585 0.148 1.203 0.139 0.627 -0.216
7.610 -0.020 0.586 0.147 1.203 0.139 0.626 -0.216
7.630 -0.020 0.587 0.147 1.203 0.139 0.625 -0.216
7.650 -0.020 0.588 0.147 1.203 0.140 0.624 -0.216
7.670 -0.020 0.589 0.147 1.203 0.140 0.623 -0.216
7.690 -0.020 0.590 0.147 1.203 0.140 0.622 -0.216
7.710 -0.020 0.591 0.146 1.203 0.140 0.621 -0.217
7.730 -0.019 0.593 0.146 1.203 0.140 0.620 -0.217
7.750 -0.019 0.594 0.146 1.203 0.141 0.619 -0.217
7.770 -0.019 0.595 0.145 1.203 0.141 0.618 -0.217
7.790 -0.019 0.596 0.145 1.203 0.141 0.617 -0.217
7.810 -0.019 0.597 0.145 1.203 0.141 0.616 -0.217
7.830 -0.018 0.598 0.144 1.203 0.141 0.615 -0.216
7.850 -0.018 0.599 0.144 1.203 0.141 0.614 -0.216
7.870 -0.018 0.600 0.143 1.203 0.141 0.613 -0.216
7.890 -0.018 0.601 0.143 1.203 0.141 0.612 -0.216
7.910 -0.017 0.602 0.143 1.203 0.141 0.611 -0.216
7.930 -0.017 0.603 0.142 1.203 0.141 0.610 -0.216
7.950 -0.017 0.604 0.142 1.203 0.141 0.608 -0.216
7.970 -0.016 0.605 0.141 1.203 0.140 0.607 -0.216
7.990 -0.016 0.606 0.140 1.203 0.140 0.606 -0.215
8.010 -0.015 0.607 0.140 1.203 0.140 0.605 -0.215
8.030 -0.015 0.607 0.139 1.203 0.140 0.604 -0.215
8.050 -0.015 0.608 0.139 1.203 0.140 0.603 -0.215
8.070 -0.014 0.609 0.138 1.203 0.139 0.602 -0.215
8.090 -0.014 0.610 0.137 1.203 0.139 0.601 -0.214
8.110 -0.013 0.611 0.137 1.203 0.139 0.600 -0.214
8.130 -0.013 0.612 0.136 1.203 0.139 0.599 -0.214
8.150 -0.012 0.613 0.135 1.203 0.138 0.598 -0.213
8.170 -0.011 0.614 0.135 1.203 0.138 0.597 -0.213
8.190 -0.011 0.615 0.134 1.203 0.138 0.596 -0.213
8.210 -0.010 0.616 0.133 1.203 0.137 0.595 -0.212
8.230 -0.010 0.617 0.132 1.203 0.137 0.594 -0.212
8.250 -0.009 0.618 0.132 1.203 0.136 0.593 -0.212
8.270 -0.008 0.619 0.131 1.203 0.136 0.592 -0.211
8.290 -0.008 0.620 0.130 1.203 0.135 0.591 -0.211
8.310 -0.007 0.621 0.129 1.203 0.135 0.590 -0.210
8.330 -0.006 0.621 0.128 1.203 0.134 0.589 -0.210
8.350 -0.006 0.622 0.127 1.203 0.134 0.588 -0.209
8.370 -0.005 0.623 0.126 1.203 0.133 0.587 -0.209
8.390 -0.004 0.624 0.125 1.203 0.132 0.586 -0.208
8.410 -0.003 0.625 0.124 1.203 0.132 0.585 -0.208
8.430 -0.002 0.626 0.124 1.203 0.131 0.584 -0.207
8.450 -0.002 0.627 0.123 1.203 0.131 0.584 -0.207
8.470 -0.001 0.628 0.122 1.203 0.130 0.583 -0.206
8.490 0.000 0.628 0.121 1.203 0.129 0.582 -0.206
8.510 0.001 0.629 0.120 1.203 0.128 0.581 -0.205
8.530 0.002 0.630 0.119 1.203 0.128 0.580 -0.205
8.550 0.003 0.631 0.118 1.203 0.127 0.579 -0.204
8.570 0.004 0.632 0.116 1.203 0.126 0.578 -0.204
8.590 0.005 0.632 0.115 1.203 0.125 0.577 -0.203
8.610 0.006 0.633 0.114 1.203 0.124 0.576 -0.202
8.630 0.007 0.634 0.113 1.203 0.123 0.575 -0.202
8.650 0.008 0.635 0.112 1.203 0.122 0.574 -0.201
8.670 0.009 0.636 0.111 1.203 0.122 0.573 -0.200
8.690 0.010 0.636 0.110 1.203 0.121 0.573 -0.200
8.710 0.011 0.637 0.109 1.203 0.120 0.572 -0.199
8.730 0.012 0.638 0.108 1.203 0.119 0.571 -0.198
8.750 0.013 0.639 0.106 1.203 0.118 0.570 -0.198
8.770 0.014 0.639 0.105 1.203 0.117 0.569 -0.197
8.790 0.015 0.640 0.104 1.203 0.115 0.568 -0.196
8.810 0.017 0.641 0.103 1.203 0.114 0.568 -0.196
8.830 0.018 0.641 0.102 1.203 0.113 0.567 -0.195
8.850 0.019 0.642 0.100 1.203 0.112 0.566 -0.194
8.870 0.020 0.643 0.099 1.203 0.111 0.565 -0.193
8.890 0.021 0.643 0.098 1.203 0.110 0.564 -0.193
8.910 0.023 0.644 0.097 1.203 0.109 0.564 -0.192
8.930 0.024 0.645 0.095 1.203 0.107 0.563 -0.191
8.950 0.025 0.645 0.094 1.203 0.106 0.562 -0.190
8.970 0.026 0.646 0.093 1.203 0.105 0.561 -0.190
8.990 0.028 0.647 0.091 1.203 0.104 0.561 -0.189
9.010 0.029 0.647 0.090 1.203 0.102 0.560 -0.188
9.030 0.030 0.648 0.089 1.203 0.101 0.559 -0.187
9.050 0.032 0.648 0.088 1.203 0.100 0.558 -0.186
9.070 0.033 0.649 0.086 1.203 0.098 0.558 -0.186
9.090 0.035 0.650 0.085 1.203 0.097 0.557 -0.185
9.110 0.036 0.650 0.083 1.203 0.096 0.556 -0.184
9.130 0.037 0.651 0.082 1.203 0.094 0.556 -0.183
9.150 0.039 0.651 0.081 1.203 0.093 0.555 -0.182
9.170 0.040 0.652 0.079 1.203 0.092 0.554 -0.181
9.190 0.042 0.652 0.078 1.203 0.090 0.554 -0.180
9.210 0.043 0.653 0.077 1.203 0.089 0.553 -0.180
9.230 0.045 0.653 0.075 1.203 0.087 0.552 -0.179
9.250 0.046 0.654 0.074 1.203 0.086 0.552 -0.178
9.270 0.048 0.654 0.072 1.203 0.084 0.551 -0.177
9.290 0.049 0.655 0.071 1.203 0.083 0.551 -0.176
9.310 0.051 0.655 0.069 1.203 0.081 0.550 -0.175
9.330 0.052 0.656 0.068 1.203 0.079 0.549 -0.174
9.350 0.054 0.656 0.067 1.203 0.078 0.549 -0.173
9.370 0.056 0.657 0.065 1.203 0.076 0.548 -0.172
9.390 0.057 0.657 0.064 1.203 0.075 0.548 -0.171
9.410 0.059 0.658 0.062 1.203 0.073 0.547 -0.170
9.430 0.060 0.658 0.061 1.203 0.071 0.547 -0.170
9.450 0.062 0.658 0.059 1.203 0.070 0.546 -0.169
9.470 0.064 0.659 0.058 1.203 0.068 0.546 -0.168
9.490 0.065 0.659 0.056 1.203 0.067 0.545 -0.167
9.510 0.067 0.660 0.055 1.203 0.065 0.545 -0.166
9.530 0.069 0.660 0.053 1.203 0.063 0.544 -0.165
9.550 0.070 0.660 0.052 1.203 0.061 0.544 -0.164
9.570 0.072 0.661 0.050 1.203 0.060 0.544 -0.163
9.590 0.074 0.661 0.049 1.203 0.058 0.543 -0.162
9.610 0.075 0.661 0.047 1.203 0.056 0.543 -0.161
9.630 0.077 0.662 0.046 1.203 0.055 0.542 -0.160
9.650 0.079 0.662 0.044 1.203 0.053 0.542 -0.159
9.670 0.081 0.662 0.043 1.203 0.051 0.542 -0.158
9.690 0.082 0.662 0.041 1.203 0.049 0.541 -0.157
9.710 0.084 0.663 0.040 1.203 0.047 0.541 -0.156
9.730 0.086 0.663 0.038 1.203 0.046 0.541 -0.155
9.750 0.088 0.663 0.037 1.203 0.044 0.540 -0.154
9.770 0.089 0.663 0.035 1.203 0.042 0.540 -0.153
9.790 0.091 0.664 0.034 1.203 0.040 0.540 -0.152
9.810 0.093 0.664 0.032 1.203 0.038 0.539 -0.151
9.830 0.095 0.664 0.030 1.203 0.037 0.539 -0.150
9.850 0.097 0.664 0.029 1.203 0.035 0.539 -0.149
9.870 0.098 0.664 0.027 1.203 0.033 0.539 -0.148
9.890 0.100 0.665 0.026 1.203 0.031 0.538 -0.147
9.910 0.102 0.665 0.024 1.203 0.029 0.538 -0.146
9.930 0.104 0.665 0.022 1.203 0.027 0.538 -0.145
9.950 0.107 0.665 0.020 1.203 0.024 0.538 -0.144
9.970 0.109 0.665 0.018 1.203 0.022 0.538 -0.142
9.990 0.111 0.665 0.017 1.203 0.020 0.537 -0.141
10.010 0.111 0.665 0.016 1.203 0.020 0.537 -0.141
10.020 0.111 0.665 0.016 1.203 0.020 0.537 -0.141
