0.000 -0.000 0.679 -0.000 1.199 0.000 0.520 0.000
0.010 -0.000 0.679 -0.000 1.199 0.000 0.520 0.000
0.030 0.001 0.679 -0.001 1.199 -0.001 0.520 0.000
0.050 0.003 0.679 -0.002 1.199 -0.003 0.520 0.001
0.070 0.006 0.679 -0.004 1.199 -0.006 0.520 0.003
0.090 0.009 0.679 -0.007 1.199 -0.009 0.520 0.004
0.110 0.011 0.679 -0.009 1.199 -0.011 0.520 0.005
0.130 0.014 0.679 -0.011 1.199 -0.014 0.520 0.007
0.150 0.016 0.679 -0.013 1.199 -0.016 0.520 0.008
0.170 0.018 0.679 -0.014 1.199 -0.018 0.520 0.009
0.190 0.020 0.678 -0.016 1.199 -0.020 0.521 0.010
0.210 0.023 0.678 -0.018 1.199 -0.023 0.521 0.011
0.230 0.025 0.678 -0.020 1.199 -0.025 0.521 0.012
0.250 0.027 0.678 -0.022 1.199 -0.027 0.521 0.013
0.270 0.029 0.678 -0.023 1.199 -0.029 0.521 0.014
0.290 0.032 0.678 -0.025 1.199 -0.032 0.521 0.015
0.310 0.034 0.678 -0.027 1.199 -0.034 0.522 0.016
0.330 0.036 0.677 -0.029 1.199 -0.036 0.522 0.017
0.350 0.038 0.677 -0.030 1.199 -0.038 0.522 0.019
0.370 0.041 0.677 -0.032 1.199 -0.040 0.522 0.020
0.390 0.043 0.677 -0.034 1.199 -0.043 0.523 0.021
0.410 0.045 0.677 -0.036 1.199 -0.045 0.523 0.022
0.430 0.047 0.676 -0.038 1.199 -0.047 0.523 0.023
0.450 0.049 0.676 -0.039 1.199 -0.049 0.524 0.024
0.470 0.051 0.676 -0.041 1.199 -0.051 0.524 0.025
0.490 0.054 0.676 -0.043 1.199 -0.053 0.524 0.026
0.510 0.056 0.675 -0.045 1.199 -0.056 0.525 0.027
0.530 0.058 0.675 -0.046 1.199 -0.058 0.525 0.028
0.550 0.060 0.675 -0.048 1.199 -0.060 0.526 0.029
0.570 0.062 0.674 -0.050 1.199 -0.062 0.526 0.030
0.590 0.064 0.674 -0.052 1.199 -0.064 0.526 0.031
0.610 0.066 0.674 -0.053 1.199 -0.066 0.527 0.032
0.630 0.069 0.673 -0.055 1.199 -0.068 0.527 0.033
0.650 0.071 0.673 -0.057 1.199 -0.070 0.528 0.035
0.670 0.073 0.673 -0.059 1.199 -0.072 0.528 0.036
0.690 0.075 0.672 -0.060 1.199 -0.074 0.529 0.037
0.710 0.077 0.672 -0.062 1.199 -0.076 0.529 0.038
0.730 0.079 0.671 -0.064 1.199 -0.078 0.530 0.039
0.750 0.081 0.671 -0.065 1.199 -0.080 0.530 0.040
0.770 0.083 0.671 -0.067 1.199 -0.082 0.531 0.041
0.790 0.085 0.670 -0.069 1.199 -0.084 0.532 0.042
0.810 0.087 0.670 -0.070 1.199 -0.086 0.532 0.043
0.830 0.089 0.669 -0.072 1.199 -0.088 0.533 0.044
0.850 0.091 0.669 -0.074 1.199 -0.090 0.533 0.045
0.870 0.093 0.668 -0.076 1.199 -0.092 0.534 0.046
0.890 0.095 0.668 -0.077 1.199 -0.094 0.535 0.047
0.910 0.097 0.667 -0.079 1.199 -0.096 0.535 0.048
0.930 0.099 0.667 -0.081 1.199 -0.098 0.536 0.049
0.950 0.101 0.666 -0.082 1.199 -0.099 0.537 0.050
0.970 0.102 0.666 -0.084 1.199 -0.101 0.537 0.051
0.990 0.104 0.665 -0.085 1.199 -0.103 0.538 0.052
1.010 0.106 0.664 -0.087 1.199 -0.105 0.539 0.053
1.030 0.108 0.664 -0.089 1.199 -0.107 0.539 0.054
1.050 0.110 0.663 -0.090 1.199 -0.108 0.540 0.054
1.070 0.111 0.663 -0.092 1.199 -0.110 0.541 0.055
1.090 0.113 0.662 -0.094 1.199 -0.112 0.542 0.056
1.110 0.115 0.661 -0.095 1.199 -0.113 0.543 0.057
1.130 0.117 0.661 -0.097 1.199 -0.115 0.543 0.058
1.150 0.118 0.660 -0.098 1.199 -0.117 0.544 0.059
1.170 0.120 0.659 -0.100 1.199 -0.118 0.545 0.060
1.190 0.122 0.659 -0.101 1.199 -0.120 0.546 0.061
1.210 0.124 0.658 -0.103 1.199 -0.121 0.547 0.062
1.230 0.125 0.657 -0.105 1.199 -0.123 0.548 0.063
1.250 0.127 0.657 -0.106 1.199 -0.124 0.548 0.064
1.270 0.128 0.656 -0.108 1.199 -0.126 0.549 0.064
1.290 0.130 0.655 -0.109 1.199 -0.127 0.550 0.065
1.310 0.132 0.654 -0.111 1.199 -0.129 0.551 0.066
1.330 0.133 0.654 -0.112 1.199 -0.130 0.552 0.067
1.350 0.135 0.653 -0.114 1.199 -0.132 0.553 0.068
1.370 0.136 0.652 -0.115 1.199 -0.133 0.554 0.069
1.390 0.138 0.651 -0.117 1.199 -0.134 0.555 0.069
1.410 0.139 0.651 -0.118 1.199 -0.136 0.556 0.070
1.430 0.141 0.650 -0.119 1.199 -0.137 0.557 0.071
1.450 0.142 0.649 -0.121 1.199 -0.138 0.558 0.072
1.470 0.143 0.648 -0.122 1.199 -0.139 0.559 0.073
1.490 0.145 0.647 -0.124 1.199 -0.141 0.560 0.073
1.510 0.146 0.647 -0.125 1.199 -0.142 0.561 0.074
1.530 0.147 0.646 -0.126 1.199 -0.143 0.562 0.075
1.550 0.149 0.645 -0.128 1.199 -0.144 0.563 0.076
1.570 0.150 0.644 -0.129 1.199 -0.145 0.564 0.076
1.590 0.151 0.643 -0.130 1.199 -0.146 0.565 0.077
1.610 0.153 0.642 -0.132 1.199 -0.147 0.566 0.078
1.630 0.154 0.641 -0.133 1.199 -0.148 0.567 0.078
1.650 0.155 0.640 -0.134 1.199 -0.149 0.568 0.079
1.670 0.156 0.639 -0.136 1.199 -0.150 0.569 0.080
1.690 0.157 0.638 -0.137 1.199 -0.151 0.570 0.080
1.710 0.158 0.638 -0.138 1.199 -0.152 0.571 0.081
1.730 0.160 0.637 -0.139 1.199 -0.153 0.572 0.082
1.750 0.161 0.636 -0.141 1.199 -0.154 0.573 0.082
1.770 0.162 0.635 -0.142 1.199 -0.155 0.575 0.083
1.790 0.163 0.634 -0.143 1.199 -0.156 0.576 0.083
1.810 0.164 0.633 -0.144 1.199 -0.156 0.577 0.084
1.830 0.165 0.632 -0.145 1.199 -0.157 0.578 0.085
1.850 0.166 0.631 -0.146 1.199 -0.158 0.579 0.085
1.870 0.167 0.630 -0.147 1.199 -0.159 0.580 0.086
1.890 0.168 0.629 -0.149 1.199 -0.159 0.581 0.086
1.910 0.169 0.628 -0.150 1.199 -0.160 0.582 0.087
1.930 0.169 0.627 -0.151 1.199 -0.160 0.584 0.087
1.950 0.170 0.626 -0.152 1.199 -0.161 0.585 0.088
1.970 0.171 0.624 -0.153 1.199 -0.162 0.586 0.088
1.990 0.172 0.623 -0.154 1.199 -0.162 0.587 0.089
2.010 0.173 0.622 -0.155 1.199 -0.163 0.588 0.089
2.030 0.174 0.621 -0.156 1.199 -0.163 0.590 0.089
2.050 0.174 0.620 -0.157 1.199 -0.164 0.591 0.090
2.070 0.175 0.619 -0.158 1.199 -0.164 0.592 0.090
2.090 0.176 0.618 -0.159 1.199 -0.164 0.593 0.091
2.110 0.176 0.617 -0.159 1.199 -0.165 0.594 0.091
2.130 0.177 0.616 -0.160 1.199 -0.165 0.595 0.091
2.150 0.178 0.615 -0.161 1.199 -0.165 0.597 0.091
2.170 0.178 0.614 -0.162 1.199 -0.166 0.598 0.092
2.190 0.179 0.612 -0.163 1.199 -0.166 0.599 0.092
2.210 0.179 0.611 -0.163 1.199 -0.166 0.600 0.092
2.230 0.180 0.610 -0.164 1.199 -0.166 0.602 0.093
2.250 0.180 0.609 -0.165 1.199 -0.166 0.603 0.093
2.270 0.181 0.608 -0.166 1.199 -0.167 0.604 0.093
2.290 0.181 0.607 -0.166 1.199 -0.167 0.605 0.093
2.310 0.182 0.606 -0.167 1.199 -0.167 0.606 0.093
2.330 0.182 0.604 -0.168 1.199 -0.167 0.608 0.093
2.350 0.183 0.603 -0.168 1.199 -0.167 0.609 0.094
2.370 0.183 0.602 -0.169 1.199 -0.167 0.610 0.094
2.390 0.183 0.601 -0.169 1.199 -0.167 0.611 0.094
2.410 0.184 0.600 -0.170 1.199 -0.167 0.613 0.094
2.430 0.184 0.598 -0.170 1.199 -0.167 0.614 0.094
2.450 0.184 0.597 -0.171 1.199 -0.167 0.615 0.094
2.470 0.185 0.596 -0.171 1.199 -0.167 0.616 0.094
2.490 0.185 0.595 -0.172 1.199 -0.166 0.617 0.094
2.510 0.185 0.594 -0.172 1.199 -0.166 0.619 0.094
2.530 0.185 0.592 -0.173 1.199 -0.166 0.620 0.094
2.550 0.186 0.591 -0.173 1.199 -0.166 0.621 0.094
2.570 0.186 0.590 -0.173 1.199 -0.165 0.622 0.094
2.590 0.186 0.589 -0.174 1.199 -0.165 0.623 0.094
2.610 0.186 0.588 -0.174 1.199 -0.165 0.625 0.093
2.630 0.186 0.586 -0.174 1.199 -0.164 0.626 0.093
2.650 0.186 0.585 -0.174 1.199 -0.164 0.627 0.093
2.670 0.186 0.584 -0.175 1.199 -0.164 0.628 0.093
2.690 0.186 0.583 -0.175 1.199 -0.163 0.630 0.093
2.710 0.186 0.582 -0.175 1.199 -0.163 0.631 0.092
2.730 0.186 0.580 -0.175 1.199 -0.162 0.632 0.092
2.750 0.186 0.579 -0.175 1.199 -0.162 0.633 0.092
2.770 0.186 0.578 -0.175 1.199 -0.161 0.634 0.092
2.790 0.186 0.577 -0.175 1.199 -0.161 0.635 0.091
2.810 0.186 0.575 -0.175 1.199 -0.160 0.637 0.091
2.830 0.186 0.574 -0.175 1.199 -0.160 0.638 0.091
2.850 0.186 0.573 -0.175 1.199 -0.159 0.639 0.090
2.870 0.186 0.572 -0.175 1.199 -0.159 0.640 0.090
2.890 0.185 0.571 -0.175 1.199 -0.158 0.641 0.089
2.910 0.185 0.569 -0.175 1.199 -0.157 0.642 0.089
2.930 0.185 0.568 -0.175 1.199 -0.157 0.644 0.088
2.950 0.185 0.567 -0.175 1.199 -0.156 0.645 0.088
2.970 0.185 0.566 -0.174 1.199 -0.155 0.646 0.087
2.990 0.184 0.565 -0.174 1.199 -0.154 0.647 0.087
3.010 0.184 0.563 -0.174 1.199 -0.154 0.648 0.086
3.030 0.184 0.562 -0.174 1.199 -0.153 0.649 0.086
3.050 0.183 0.561 -0.173 1.199 -0.152 0.650 0.085
3.070 0.183 0.560 -0.173 1.199 -0.151 0.651 0.084
3.090 0.183 0.559 -0.172 1.199 -0.150 0.653 0.084
3.110 0.182 0.557 -0.172 1.199 -0.149 0.654 0.083
3.130 0.182 0.556 -0.172 1.199 -0.149 0.655 0.082
3.150 0.182 0.555 -0.171 1.199 -0.148 0.656 0.082
3.170 0.181 0.554 -0.171 1.199 -0.147 0.657 0.081
3.190 0.181 0.553 -0.170 1.199 -0.146 0.658 0.080
3.210 0.180 0.551 -0.169 1.199 -0.145 0.659 0.079
3.230 0.180 0.550 -0.169 1.199 -0.144 0.660 0.078
3.250 0.179 0.549 -0.168 1.199 -0.143 0.661 0.077
3.270 0.179 0.548 -0.167 1.199 -0.142 0.662 0.077
3.290 0.178 0.547 -0.167 1.199 -0.141 0.663 0.076
3.310 0.178 0.546 -0.166 1.199 -0.140 0.664 0.075
3.330 0.177 0.545 -0.165 1.199 -0.139 0.665 0.074
3.350 0.177 0.543 -0.165 1.199 -0.137 0.666 0.073
3.370 0.176 0.542 -0.164 1.199 -0.136 0.667 0.072
3.390 0.176 0.541 -0.163 1.199 -0.135 0.668 0.071
3.410 0.175 0.540 -0.162 1.199 -0.134 0.669 0.070
3.430 0.174 0.539 -0.161 1.199 -0.133 0.670 0.069
3.450 0.174 0.538 -0.160 1.199 -0.132 0.671 0.068
3.470 0.173 0.537 -0.159 1.199 -0.131 0.672 0.067
3.490 0.172 0.536 -0.158 1.199 -0.129 0.673 0.065
3.510 0.172 0.535 -0.157 1.199 -0.128 0.674 0.064
3.530 0.171 0.534 -0.156 1.199 -0.127 0.675 0.063
3.550 0.170 0.532 -0.155 1.199 -0.126 0.676 0.062
3.570 0.170 0.531 -0.154 1.199 -0.124 0.676 0.061
3.590 0.169 0.530 -0.153 1.199 -0.123 0.677 0.059
3.610 0.168 0.529 -0.152 1.199 -0.122 0.678 0.058
3.630 0.167 0.528 -0.151 1.199 -0.121 0.679 0.057
3.650 0.167 0.527 -0.149 1.199 -0.119 0.680 0.056
3.670 0.166 0.526 -0.148 1.199 -0.118 0.681 0.054
3.690 0.165 0.525 -0.147 1.199 -0.117 0.682 0.053
3.710 0.164 0.524 -0.145 1.199 -0.115 0.682 0.051
3.730 0.164 0.523 -0.144 1.199 -0.114 0.683 0.050
3.750 0.163 0.522 -0.143 1.199 -0.113 0.684 0.049
3.770 0.162 0.521 -0.141 1.199 -0.111 0.685 0.047
3.790 0.161 0.520 -0.140 1.199 -0.110 0.686 0.046
3.810 0.160 0.520 -0.139 1.199 -0.108 0.686 0.044
3.830 0.159 0.519 -0.137 1.199 -0.107 0.687 0.043
3.850 0.159 0.518 -0.136 1.199 -0.106 0.688 0.041
3.870 0.158 0.517 -0.134 1.199 -0.104 0.689 0.040
3.890 0.157 0.516 -0.133 1.199 -0.103 0.689 0.038
3.910 0.156 0.515 -0.131 1.199 -0.101 0.690 0.036
3.930 0.155 0.514 -0.130 1.199 -0.100 0.691 0.035
3.950 0.154 0.513 -0.128 1.199 -0.098 0.691 0.033
3.970 0.153 0.512 -0.126 1.199 -0.097 0.692 0.032
3.990 0.152 0.512 -0.125 1.199 -0.095 0.693 0.030
4.010 0.152 0.511 -0.123 1.199 -0.094 0.693 0.028
4.030 0.151 0.510 -0.121 1.199 -0.092 0.694 0.027
4.050 0.150 0.509 -0.120 1.199 -0.091 0.695 0.025
4.070 0.149 0.508 -0.118 1.199 -0.089 0.695 0.023
4.090 0.148 0.508 -0.116 1.199 -0.088 0.696 0.021
4.110 0.147 0.507 -0.114 1.199 -0.086 0.697 0.019
4.130 0.146 0.506 -0.112 1.199 -0.085 0.697 0.018
4.150 0.145 0.505 -0.111 1.199 -0.083 0.698 0.016
4.170 0.144 0.505 -0.109 1.199 -0.082 0.698 0.014
4.190 0.143 0.504 -0.107 1.199 -0.080 0.699 0.012
4.210 0.142 0.503 -0.105 1.199 -0.079 0.699 0.010
4.230 0.141 0.503 -0.103 1.199 -0.077 0.700 0.008
4.250 0.140 0.502 -0.101 1.199 -0.075 0.700 0.007
4.270 0.139 0.501 -0.099 1.199 -0.074 0.701 0.005
4.290 0.138 0.501 -0.097 1.199 -0.072 0.702 0.003
4.310 0.137 0.500 -0.095 1.199 -0.071 0.702 0.001
4.330 0.136 0.499 -0.093 1.199 -0.069 0.702 -0.001
4.350 0.135 0.499 -0.091 1.199 -0.067 0.703 -0.003
4.370 0.134 0.498 -0.089 1.199 -0.066 0.703 -0.005
4.390 0.133 0.498 -0.087 1.199 -0.064 0.704 -0.007
4.410 0.132 0.497 -0.085 1.199 -0.063 0.704 -0.009
4.430 0.131 0.497 -0.083 1.199 -0.061 0.705 -0.011
4.450 0.130 0.496 -0.081 1.199 -0.059 0.705 -0.013
4.470 0.129 0.495 -0.079 1.199 -0.058 0.706 -0.015
4.490 0.128 0.495 -0.077 1.199 -0.056 0.706 -0.017
4.510 0.127 0.495 -0.074 1.199 -0.054 0.706 -0.020
4.530 0.126 0.494 -0.072 1.199 -0.053 0.707 -0.022
4.550 0.124 0.494 -0.070 1.199 -0.051 0.707 -0.024
4.570 0.123 0.493 -0.068 1.199 -0.049 0.707 -0.026
4.590 0.122 0.493 -0.066 1.199 -0.048 0.708 -0.028
4.610 0.121 0.492 -0.064 1.199 -0.046 0.708 -0.030
4.630 0.120 0.492 -0.061 1.199 -0.045 0.708 -0.032
4.650 0.119 0.491 -0.059 1.199 -0.043 0.709 -0.035
4.670 0.118 0.491 -0.057 1.199 -0.041 0.709 -0.037
4.690 0.117 0.491 -0.055 1.199 -0.039 0.709 -0.039
4.710 0.116 0.490 -0.052 1.199 -0.038 0.709 -0.041
4.730 0.115 0.490 -0.050 1.199 -0.036 0.710 -0.043
4.750 0.114 0.490 -0.048 1.199 -0.034 0.710 -0.045
4.770 0.113 0.489 -0.045 1.199 -0.033 0.710 -0.048
4.790 0.112 0.489 -0.043 1.199 -0.031 0.710 -0.050
4.810 0.111 0.489 -0.041 1.199 -0.029 0.711 -0.052
4.830 0.109 0.489 -0.039 1.199 -0.028 0.711 -0.054
4.850 0.108 0.488 -0.036 1.199 -0.026 0.711 -0.057
4.870 0.107 0.488 -0.034 1.199 -0.024 0.711 -0.059
4.890 0.106 0.488 -0.031 1.199 -0.023 0.711 -0.061
4.910 0.105 0.488 -0.029 1.199 -0.021 0.711 -0.063
4.930 0.104 0.488 -0.027 1.199 -0.019 0.712 -0.066
4.950 0.103 0.487 -0.024 1.199 -0.018 0.712 -0.068
4.970 0.102 0.487 -0.022 1.199 -0.016 0.712 -0.070
4.990 0.101 0.487 -0.020 1.199 -0.014 0.712 -0.073
5.010 0.100 0.487 -0.017 1.199 -0.012 0.712 -0.075
5.030 0.098 0.487 -0.015 1.199 -0.011 0.712 -0.077
5.050 0.097 0.487 -0.013 1.199 -0.009 0.712 -0.079
5.070 0.096 0.487 -0.010 1.199 -0.007 0.712 -0.082
5.090 0.095 0.487 -0.008 1.199 -0.006 0.712 -0.084
5.110 0.094 0.487 -0.005 1.199 -0.004 0.712 -0.086
5.130 0.093 0.487 -0.003 1.199 -0.002 0.712 -0.089
5.150 0.092 0.487 -0.001 1.199 -0.000 0.712 -0.091
5.170 0.091 0.487 0.002 1.199 0.001 0.712 -0.093
5.190 0.090 0.487 0.004 1.199 0.003 0.712 -0.096
5.210 0.089 0.487 0.006 1.199 0.005 0.712 -0.098
5.230 0.087 0.487 0.009 1.199 0.006 0.712 -0.100
5.250 0.086 0.487 0.011 1.199 0.008 0.712 -0.102
5.270 0.085 0.487 0.014 1.199 0.010 0.712 -0.105
5.290 0.084 0.487 0.016 1.199 0.011 0.712 -0.107
5.310 0.083 0.487 0.018 1.199 0.013 0.712 -0.109
5.330 0.082 0.487 0.021 1.199 0.015 0.712 -0.112
5.350 0.081 0.487 0.023 1.199 0.017 0.712 -0.114
5.370 0.080 0.488 0.025 1.199 0.018 0.712 -0.116
5.390 0.079 0.488 0.028 1.199 0.020 0.711 -0.118
5.410 0.078 0.488 0.030 1.199 0.022 0.711 -0.121
5.430 0.077 0.488 0.032 1.199 0.023 0.711 -0.123
5.450 0.075 0.488 0.035 1.199 0.025 0.711 -0.125
5.470 0.074 0.489 0.037 1.199 0.027 0.711 -0.127
5.490 0.073 0.489 0.039 1.199 0.028 0.711 -0.130
5.510 0.072 0.489 0.042 1.199 0.030 0.710 -0.132
5.530 0.071 0.489 0.044 1.199 0.032 0.710 -0.134
5.550 0.070 0.490 0.046 1.199 0.033 0.710 -0.136
5.570 0.069 0.490 0.049 1.199 0.035 0.710 -0.139
5.590 0.068 0.490 0.051 1.199 0.037 0.710 -0.141
5.610 0.067 0.491 0.053 1.199 0.039 0.709 -0.143
5.630 0.066 0.491 0.056 1.199 0.040 0.709 -0.145
5.650 0.065 0.491 0.058 1.199 0.042 0.709 -0.147
5.670 0.064 0.492 0.060 1.199 0.044 0.708 -0.150
5.690 0.063 0.492 0.062 1.199 0.045 0.708 -0.152
5.710 0.062 0.492 0.064 1.199 0.047 0.708 -0.154
5.730 0.060 0.493 0.067 1.199 0.049 0.708 -0.156
5.750 0.059 0.493 0.069 1.199 0.050 0.707 -0.158
5.770 0.058 0.494 0.071 1.199 0.052 0.707 -0.160
5.790 0.057 0.494 0.073 1.199 0.053 0.706 -0.162
5.810 0.056 0.495 0.075 1.199 0.055 0.706 -0.165
5.830 0.055 0.495 0.078 1.199 0.057 0.706 -0.167
5.850 0.054 0.496 0.080 1.199 0.058 0.705 -0.169
5.870 0.053 0.496 0.082 1.199 0.060 0.705 -0.171
5.890 0.052 0.497 0.084 1.199 0.062 0.705 -0.173
5.910 0.051 0.497 0.086 1.199 0.063 0.704 -0.175
5.930 0.050 0.498 0.088 1.199 0.065 0.704 -0.177
5.950 0.049 0.498 0.090 1.199 0.067 0.703 -0.179
5.970 0.048 0.499 0.092 1.199 0.068 0.703 -0.181
5.990 0.047 0.500 0.094 1.199 0.070 0.702 -0.183
6.010 0.046 0.500 0.096 1.199 0.071 0.702 -0.185
6.030 0.045 0.501 0.098 1.199 0.073 0.701 -0.187
6.050 0.044 0.502 0.100 1.199 0.075 0.701 -0.189
6.070 0.043 0.502 0.102 1.199 0.076 0.700 -0.191
6.090 0.042 0.503 0.104 1.199 0.078 0.700 -0.193
6.110 0.041 0.504 0.106 1.199 0.079 0.699 -0.195
6.130 0.040 0.504 0.108 1.199 0.081 0.699 -0.196
6.150 0.039 0.505 0.110 1.199 0.082 0.698 -0.198
6.170 0.038 0.506 0.111 1.199 0.084 0.698 -0.200
6.190 0.037 0.506 0.113 1.199 0.085 0.697 -0.202
6.210 0.036 0.507 0.115 1.199 0.087 0.696 -0.204
6.230 0.035 0.508 0.117 1.199 0.089 0.696 -0.205
6.250 0.034 0.509 0.118 1.199 0.090 0.695 -0.207
6.270 0.034 0.510 0.120 1.199 0.092 0.694 -0.209
6.290 0.033 0.510 0.122 1.199 0.093 0.694 -0.211
6.310 0.032 0.511 0.124 1.199 0.095 0.693 -0.212
6.330 0.031 0.512 0.125 1.199 0.096 0.693 -0.214
6.350 0.030 0.513 0.127 1.199 0.098 0.692 -0.216
6.370 0.029 0.514 0.129 1.199 0.099 0.691 -0.217
6.390 0.028 0.515 0.130 1.199 0.100 0.690 -0.219
6.410 0.027 0.515 0.132 1.199 0.102 0.690 -0.221
6.430 0.026 0.516 0.133 1.199 0.103 0.689 -0.222
6.450 0.026 0.517 0.135 1.199 0.105 0.688 -0.224
6.470 0.025 0.518 0.136 1.199 0.106 0.688 -0.225
6.490 0.024 0.519 0.138 1.199 0.108 0.687 -0.227
6.510 0.023 0.520 0.139 1.199 0.109 0.686 -0.228
6.530 0.022 0.521 0.141 1.199 0.110 0.685 -0.230
6.550 0.021 0.522 0.142 1.199 0.112 0.685 -0.231
6.570 0.021 0.523 0.143 1.199 0.113 0.684 -0.233
6.590 0.020 0.524 0.145 1.199 0.115 0.683 -0.234
6.610 0.019 0.525 0.146 1.199 0.116 0.682 -0.236
6.630 0.018 0.526 0.147 1.199 0.117 0.681 -0.237
6.650 0.018 0.527 0.149 1.199 0.119 0.680 -0.238
6.670 0.017 0.528 0.150 1.199 0.120 0.680 -0.240
6.690 0.016 0.529 0.151 1.199 0.121 0.679 -0.241
6.710 0.015 0.530 0.152 1.199 0.122 0.678 -0.242
6.730 0.015 0.531 0.153 1.199 0.124 0.677 -0.244
6.750 0.014 0.532 0.154 1.199 0.125 0.676 -0.245
6.770 0.013 0.533 0.155 1.199 0.126 0.675 -0.246
6.790 0.013 0.534 0.157 1.199 0.127 0.674 -0.247
6.810 0.012 0.535 0.158 1.199 0.129 0.673 -0.249
6.830 0.011 0.536 0.159 1.199 0.130 0.672 -0.250
6.850 0.011 0.537 0.160 1.199 0.131 0.672 -0.251
6.870 0.010 0.538 0.161 1.199 0.132 0.671 -0.252
6.890 0.009 0.539 0.161 1.199 0.133 0.670 -0.253
6.910 0.009 0.540 0.162 1.199 0.135 0.669 -0.254
6.930 0.008 0.542 0.163 1.199 0.136 0.668 -0.255
6.950 0.008 0.543 0.164 1.199 0.137 0.667 -0.256
6.970 0.007 0.544 0.165 1.199 0.138 0.666 -0.257
6.990 0.007 0.545 0.166 1.199 0.139 0.665 -0.258
7.010 0.006 0.546 0.166 1.199 0.140 0.664 -0.259
7.030 0.005 0.547 0.167 1.199 0.141 0.663 -0.260
7.050 0.005 0.548 0.168 1.199 0.142 0.662 -0.261
7.070 0.004 0.550 0.168 1.199 0.143 0.661 -0.262
7.090 0.004 0.551 0.169 1.199 0.144 0.660 -0.263
7.110 0.004 0.552 0.170 1.199 0.145 0.659 -0.263
7.130 0.003 0.553 0.170 1.199 0.146 0.658 -0.264
7.150 0.003 0.554 0.171 1.199 0.147 0.656 -0.265
7.170 0.002 0.555 0.171 1.199 0.148 0.655 -0.266
7.190 0.002 0.557 0.172 1.199 0.149 0.654 -0.267
7.210 0.002 0.558 0.172 1.199 0.150 0.653 -0.267
7.230 0.001 0.559 0.173 1.199 0.151 0.652 -0.268
7.250 0.001 0.560 0.173 1.199 0.151 0.651 -0.269
7.270 0.001 0.561 0.173 1.199 0.152 0.650 -0.269
7.290 0.000 0.563 0.174 1.199 0.153 0.649 -0.270
7.310 -0.000 0.564 0.174 1.199 0.154 0.648 -0.270
7.330 -0.000 0.565 0.174 1.199 0.155 0.647 -0.271
7.350 -0.001 0.566 0.174 1.199 0.155 0.645 -0.272
7.370 -0.001 0.567 0.175 1.199 0.156 0.644 -0.272
7.390 -0.001 0.569 0.175 1.199 0.157 0.643 -0.273
7.410 -0.001 0.570 0.175 1.199 0.157 0.642 -0.273
7.430 -0.001 0.571 0.175 1.199 0.158 0.641 -0.274
7.450 -0.002 0.572 0.175 1.199 0.159 0.640 -0.274
7.470 -0.002 0.573 0.175 1.199 0.159 0.639 -0.274
7.490 -0.002 0.575 0.175 1.199 0.160 0.637 -0.275
7.510 -0.002 0.576 0.175 1.199 0.161 0.636 -0.275
7.530 -0.002 0.577 0.175 1.199 0.161 0.635 -0.275
7.550 -0.002 0.578 0.175 1.199 0.162 0.634 -0.276
7.570 -0.002 0.580 0.175 1.199 0.162 0.633 -0.276
7.590 -0.002 0.581 0.175 1.199 0.163 0.631 -0.276
7.610 -0.002 0.582 0.175 1.199 0.163 0.630 -0.277
7.630 -0.002 0.583 0.175 1.199 0.163 0.629 -0.277
7.650 -0.002 0.584 0.175 1.199 0.164 0.628 -0.277
7.670 -0.002 0.586 0.174 1.199 0.164 0.627 -0.277
7.690 -0.002 0.587 0.174 1.199 0.165 0.625 -0.277
7.710 -0.002 0.588 0.174 1.199 0.165 0.624 -0.278
7.730 -0.002 0.589 0.174 1.199 0.165 0.623 -0.278
7.750 -0.002 0.590 0.173 1.199 0.166 0.622 -0.278
7.770 -0.001 0.592 0.173 1.199 0.166 0.621 -0.278
7.790 -0.001 0.593 0.173 1.199 0.166 0.619 -0.278
7.810 -0.001 0.594 0.172 1.199 0.166 0.618 -0.278
7.830 -0.001 0.595 0.172 1.199 0.166 0.617 -0.278
7.850 -0.000 0.597 0.171 1.199 0.167 0.616 -0.278
7.870 -0.000 0.598 0.171 1.199 0.167 0.615 -0.278
7.890 0.000 0.599 0.170 1.199 0.167 0.613 -0.278
7.910 0.000 0.600 0.170 1.199 0.167 0.612 -0.278
7.930 0.001 0.601 0.169 1.199 0.167 0.611 -0.278
7.950 0.001 0.602 0.169 1.199 0.167 0.610 -0.278
7.970 0.001 0.604 0.168 1.199 0.167 0.608 -0.278
7.990 0.002 0.605 0.167 1.199 0.167 0.607 -0.277
8.010 0.002 0.606 0.167 1.199 0.167 0.606 -0.277
8.030 0.003 0.607 0.166 1.199 0.167 0.605 -0.277
8.050 0.003 0.608 0.165 1.199 0.167 0.604 -0.277
8.070 0.004 0.609 0.165 1.199 0.166 0.602 -0.277
8.090 0.004 0.611 0.164 1.199 0.166 0.601 -0.276
8.110 0.005 0.612 0.163 1.199 0.166 0.600 -0.276
8.130 0.005 0.613 0.162 1.199 0.166 0.599 -0.276
8.150 0.006 0.614 0.162 1.199 0.166 0.597 -0.276
8.170 0.007 0.615 0.161 1.199 0.165 0.596 -0.275
8.190 0.007 0.616 0.160 1.199 0.165 0.595 -0.275
8.210 0.008 0.617 0.159 1.199 0.165 0.594 -0.275
8.230 0.009 0.618 0.158 1.199 0.164 0.593 -0.274
8.250 0.009 0.620 0.157 1.199 0.164 0.591 -0.274
8.270 0.010 0.621 0.156 1.199 0.163 0.590 -0.274
8.290 0.011 0.622 0.155 1.199 0.163 0.589 -0.273
8.310 0.011 0.623 0.154 1.199 0.162 0.588 -0.273
8.330 0.012 0.624 0.153 1.199 0.162 0.587 -0.272
8.350 0.013 0.625 0.152 1.199 0.161 0.586 -0.272
8.370 0.014 0.626 0.151 1.199 0.161 0.584 -0.271
8.390 0.015 0.627 0.150 1.199 0.160 0.583 -0.271
8.410 0.016 0.628 0.149 1.199 0.160 0.582 -0.270
8.430 0.017 0.629 0.148 1.199 0.159 0.581 -0.270
8.450 0.018 0.630 0.147 1.199 0.158 0.580 -0.269
8.470 0.018 0.631 0.146 1.199 0.158 0.579 -0.269
8.490 0.019 0.632 0.145 1.199 0.157 0.577 -0.268
8.510 0.020 0.633 0.144 1.199 0.156 0.576 -0.268
8.530 0.021 0.634 0.143 1.199 0.155 0.575 -0.267
8.550 0.023 0.635 0.141 1.199 0.154 0.574 -0.267
8.570 0.024 0.636 0.140 1.199 0.154 0.573 -0.266
8.590 0.025 0.637 0.139 1.199 0.153 0.572 -0.265
8.610 0.026 0.638 0.138 1.199 0.152 0.571 -0.265
8.630 0.027 0.639 0.136 1.199 0.151 0.570 -0.264
8.650 0.028 0.640 0.135 1.199 0.150 0.569 -0.263
8.670 0.029 0.641 0.134 1.199 0.149 0.568 -0.263
8.690 0.030 0.642 0.133 1.199 0.148 0.566 -0.262
8.710 0.032 0.642 0.131 1.199 0.147 0.565 -0.261
8.730 0.033 0.643 0.130 1.199 0.146 0.564 -0.261
8.750 0.034 0.644 0.129 1.199 0.145 0.563 -0.260
8.770 0.036 0.645 0.127 1.199 0.144 0.562 -0.259
8.790 0.037 0.646 0.126 1.199 0.142 0.561 -0.258
8.810 0.038 0.647 0.124 1.199 0.141 0.560 -0.258
8.830 0.040 0.648 0.123 1.199 0.140 0.559 -0.257
8.850 0.041 0.649 0.122 1.199 0.139 0.558 -0.256
8.870 0.042 0.649 0.120 1.199 0.138 0.557 -0.255
8.890 0.044 0.650 0.119 1.199 0.136 0.556 -0.254
8.910 0.045 0.651 0.117 1.199 0.135 0.555 -0.254
8.930 0.047 0.652 0.116 1.199 0.134 0.554 -0.253
8.950 0.048 0.653 0.114 1.199 0.132 0.553 -0.252
8.970 0.050 0.653 0.113 1.199 0.131 0.553 -0.251
8.990 0.051 0.654 0.112 1.199 0.130 0.552 -0.250
9.010 0.053 0.655 0.110 1.199 0.128 0.551 -0.249
9.030 0.054 0.656 0.109 1.199 0.127 0.550 -0.249
9.050 0.056 0.656 0.107 1.199 0.125 0.549 -0.248
9.070 0.057 0.657 0.105 1.199 0.124 0.548 -0.247
9.090 0.059 0.658 0.104 1.199 0.122 0.547 -0.246
9.110 0.061 0.658 0.102 1.199 0.121 0.546 -0.245
9.130 0.062 0.659 0.101 1.199 0.119 0.545 -0.244
9.150 0.064 0.660 0.099 1.199 0.118 0.545 -0.243
9.170 0.066 0.660 0.098 1.199 0.116 0.544 -0.242
9.190 0.067 0.661 0.096 1.199 0.114 0.543 -0.241
9.210 0.069 0.662 0.095 1.199 0.113 0.542 -0.240
9.230 0.071 0.662 0.093 1.199 0.111 0.541 -0.240
9.250 0.073 0.663 0.091 1.199 0.109 0.541 -0.239
9.270 0.075 0.663 0.090 1.199 0.108 0.540 -0.238
9.290 0.076 0.664 0.088 1.199 0.106 0.539 -0.237
9.310 0.078 0.665 0.086 1.199 0.104 0.538 -0.236
9.330 0.080 0.665 0.085 1.199 0.102 0.538 -0.235
9.350 0.082 0.666 0.083 1.199 0.100 0.537 -0.234
9.370 0.084 0.666 0.082 1.199 0.099 0.536 -0.233
9.390 0.086 0.667 0.080 1.199 0.097 0.536 -0.232
9.410 0.087 0.667 0.078 1.199 0.095 0.535 -0.231
9.430 0.089 0.668 0.077 1.199 0.093 0.534 -0.230
9.450 0.091 0.668 0.075 1.199 0.091 0.534 -0.229
9.470 0.093 0.669 0.073 1.199 0.089 0.533 -0.228
9.490 0.095 0.669 0.071 1.199 0.087 0.532 -0.227
9.510 0.097 0.670 0.070 1.199 0.085 0.532 -0.226
9.530 0.099 0.670 0.068 1.199 0.084 0.531 -0.225
9.550 0.101 0.671 0.066 1.199 0.082 0.531 -0.224
9.570 0.103 0.671 0.065 1.199 0.080 0.530 -0.223
9.590 0.105 0.672 0.063 1.199 0.078 0.530 -0.222
9.610 0.107 0.672 0.061 1.199 0.076 0.529 -0.221
9.630 0.109 0.672 0.060 1.199 0.074 0.529 -0.220
9.650 0.111 0.673 0.058 1.199 0.072 0.528 -0.218
9.670 0.113 0.673 0.056 1.199 0.069 0.528 -0.217
9.690 0.116 0.673 0.054 1.199 0.067 0.527 -0.216
9.710 0.118 0.674 0.053 1.199 0.065 0.527 -0.215
9.730 0.120 0.674 0.051 1.199 0.063 0.526 -0.214
9.750 0.122 0.675 0.049 1.199 0.061 0.526 -0.213
9.770 0.124 0.675 0.047 1.199 0.059 0.525 -0.212
9.790 0.126 0.675 0.046 1.199 0.057 0.525 -0.211
9.810 0.128 0.675 0.044 1.199 0.055 0.525 -0.210
9.830 0.131 0.676 0.042 1.199 0.053 0.524 -0.209
9.850 0.133 0.676 0.040 1.199 0.050 0.524 -0.208
9.870 0.135 0.676 0.039 1.199 0.048 0.524 -0.207
9.890 0.137 0.676 0.037 1.199 0.046 0.523 -0.206
9.910 0.139 0.677 0.035 1.199 0.044 0.523 -0.205
9.930 0.142 0.677 0.033 1.199 0.041 0.523 -0.203
9.950 0.145 0.677 0.031 1.199 0.038 0.522 -0.202
9.970 0.147 0.677 0.028 1.199 0.036 0.522 -0.201
9.990 0.150 0.678 0.027 1.199 0.034 0.522 -0.200
10.010 0.150 0.678 0.026 1.199 0.033 0.522 -0.199
10.020 0.150 0.678 0.026 1.199 0.033 0.522 -0.199
