0.000 -0.000 0.673 -0.000 1.201 0.000 0.528 0.000
0.010 -0.000 0.673 -0.000 1.201 0.000 0.528 0.000
0.030 -0.000 0.673 -0.000 1.201 0.000 0.528 0.000
0.050 -0.000 0.673 -0.000 1.201 0.000 0.528 0.000
0.070 -0.000 0.673 -0.000 1.201 0.000 0.528 0.000
0.090 -0.000 0.672 -0.000 1.201 0.000 0.528 0.000
0.110 -0.000 0.672 -0.000 1.201 0.000 0.528 0.000
0.130 -0.000 0.672 -0.000 1.201 0.000 0.528 0.000
0.150 -0.000 0.672 -0.000 1.201 0.000 0.528 0.000
0.170 -0.000 0.672 -0.000 1.201 0.000 0.528 0.000
0.190 -0.000 0.672 -0.000 1.201 0.000 0.529 0.000
0.210 -0.000 0.672 -0.000 1.201 0.000 0.529 0.000
0.230 -0.000 0.672 -0.000 1.201 0.000 0.529 0.000
0.250 -0.000 0.672 -0.000 1.201 0.000 0.529 0.000
0.270 -0.000 0.672 -0.000 1.201 0.000 0.529 0.000
0.290 -0.000 0.672 -0.000 1.201 0.000 0.529 0.000
0.310 -0.000 0.672 -0.000 1.201 0.000 0.529 0.000
0.330 -0.000 0.672 -0.000 1.201 0.000 0.529 0.000
0.350 -0.000 0.672 -0.000 1.201 0.000 0.529 0.000
0.370 -0.000 0.672 -0.000 1.201 0.000 0.529 0.000
0.390 -0.000 0.672 -0.000 1.201 0.000 0.529 0.000
0.410 -0.000 0.672 -0.000 1.201 0.000 0.529 0.000
0.430 -0.000 0.672 -0.000 1.201 0.000 0.529 0.000
0.450 -0.000 0.672 -0.000 1.201 0.000 0.529 0.000
0.470 -0.000 0.671 -0.000 1.201 0.000 0.529 0.000
0.490 -0.000 0.671 -0.000 1.201 0.000 0.530 0.000
0.510 -0.000 0.671 -0.000 1.201 0.000 0.530 0.000
0.530 -0.000 0.671 -0.000 1.201 0.000 0.530 0.000
0.550 -0.000 0.671 -0.000 1.201 0.000 0.530 0.000
0.570 -0.000 0.671 -0.000 1.201 0.000 0.530 0.000
0.590 -0.000 0.671 -0.000 1.201 0.000 0.530 0.000
0.610 -0.000 0.671 -0.000 1.201 0.000 0.530 0.000
0.630 -0.000 0.671 -0.000 1.201 0.000 0.530 0.000
0.650 -0.000 0.670 -0.000 1.201 0.000 0.530 0.000
0.670 -0.000 0.670 -0.000 1.201 0.000 0.531 0.000
0.690 -0.000 0.670 -0.000 1.201 0.000 0.531 0.000
0.710 -0.000 0.670 -0.000 1.201 0.000 0.531 0.000
0.730 -0.000 0.670 -0.000 1.201 0.000 0.531 0.000
0.750 -0.000 0.670 -0.000 1.201 0.000 0.531 0.000
0.770 -0.000 0.670 -0.000 1.201 0.000 0.531 0.000
0.790 -0.000 0.669 -0.000 1.201 0.000 0.531 0.000
0.810 -0.000 0.669 -0.000 1.201 0.000 0.532 0.000
0.830 -0.000 0.669 -0.000 1.201 0.000 0.532 0.000
0.850 -0.000 0.669 -0.000 1.201 0.000 0.532 0.000
0.870 -0.000 0.669 -0.000 1.201 0.000 0.532 0.000
0.890 -0.000 0.669 -0.000 1.201 0.000 0.532 0.000
0.910 -0.000 0.668 -0.000 1.201 0.000 0.532 0.000
0.930 -0.000 0.668 -0.000 1.201 0.000 0.533 0.000
0.950 -0.000 0.668 -0.000 1.201 0.000 0.533 0.000
0.970 -0.000 0.668 -0.000 1.201 0.000 0.533 0.000
0.990 -0.000 0.668 -0.000 1.201 0.000 0.533 0.000
1.010 -0.000 0.668 -0.000 1.201 0.000 0.533 0.000
1.030 -0.000 0.667 -0.000 1.201 0.000 0.534 0.000
1.050 -0.000 0.667 -0.000 1.201 0.000 0.534 0.000
1.070 -0.000 0.667 -0.000 1.201 0.000 0.534 0.000
1.090 -0.000 0.667 -0.000 1.201 0.000 0.534 0.000
1.110 -0.000 0.667 -0.000 1.201 0.000 0.534 0.000
1.130 -0.000 0.666 -0.000 1.201 0.000 0.535 0.000
1.150 -0.000 0.666 -0.000 1.201 0.000 0.535 0.000
1.170 -0.000 0.666 -0.000 1.201 0.000 0.535 0.000
1.190 -0.000 0.666 -0.000 1.201 0.000 0.535 0.000
1.210 -0.000 0.665 -0.000 1.201 0.000 0.535 0.000
1.230 -0.000 0.665 -0.000 1.201 0.000 0.536 0.000
1.250 -0.000 0.665 -0.000 1.201 0.000 0.536 0.000
1.270 -0.000 0.665 -0.000 1.201 0.000 0.536 0.000
1.290 -0.000 0.665 -0.000 1.201 0.000 0.536 0.000
1.310 -0.000 0.664 -0.000 1.201 0.000 0.537 0.000
1.330 -0.000 0.664 -0.000 1.201 0.000 0.537 0.000
1.350 -0.000 0.664 -0.000 1.201 0.000 0.537 0.000
1.370 -0.000 0.664 -0.000 1.201 0.000 0.537 0.000
1.390 -0.000 0.663 -0.000 1.201 0.000 0.538 0.000
1.410 -0.000 0.663 -0.000 1.201 0.000 0.538 0.000
1.430 -0.000 0.663 -0.000 1.201 0.000 0.538 0.000
1.450 -0.000 0.663 -0.000 1.201 0.000 0.538 0.000
1.470 -0.000 0.662 -0.000 1.201 0.000 0.539 0.000
1.490 -0.000 0.662 -0.000 1.201 0.000 0.539 0.000
1.510 -0.000 0.662 -0.000 1.201 0.000 0.539 0.000
1.530 -0.000 0.661 -0.000 1.201 0.000 0.539 0.000
1.550 -0.000 0.661 -0.000 1.201 0.000 0.540 0.000
1.570 -0.000 0.661 -0.000 1.201 0.000 0.540 0.000
1.590 -0.000 0.661 -0.000 1.201 0.000 0.540 0.000
1.610 -0.000 0.660 -0.000 1.201 0.000 0.541 0.000
1.630 -0.000 0.660 -0.000 1.201 0.000 0.541 0.000
1.650 -0.000 0.660 -0.000 1.201 0.000 0.541 0.000
1.670 -0.000 0.659 -0.000 1.201 0.000 0.541 0.000
1.690 -0.000 0.659 -0.000 1.201 0.000 0.542 0.000
1.710 -0.000 0.659 -0.000 1.201 0.000 0.542 0.000
1.730 -0.000 0.659 -0.000 1.201 0.000 0.542 0.000
1.750 -0.000 0.658 -0.000 1.201 0.000 0.543 0.000
1.770 -0.000 0.658 0.000 1.201 0.000 0.543 0.000
1.790 -0.000 0.658 0.000 1.201 0.000 0.543 0.000
1.810 -0.000 0.657 0.000 1.201 0.000 0.544 0.000
1.830 -0.000 0.657 0.000 1.201 0.000 0.544 0.000
1.850 -0.000 0.657 0.000 1.201 0.000 0.544 0.000
1.870 -0.000 0.656 0.000 1.201 0.000 0.544 0.000
1.890 -0.000 0.656 0.000 1.201 0.000 0.545 0.000
1.910 -0.000 0.656 0.000 1.201 0.000 0.545 0.000
1.930 -0.000 0.655 0.000 1.201 0.000 0.545 0.000
1.950 -0.000 0.655 0.000 1.201 0.000 0.546 0.000
1.970 -0.000 0.655 0.000 1.201 0.000 0.546 0.000
1.990 -0.000 0.654 0.000 1.201 0.000 0.546 0.000
2.010 -0.000 0.654 0.000 1.201 0.000 0.547 0.000
2.030 -0.000 0.654 0.000 1.201 0.000 0.547 0.000
2.050 -0.000 0.653 0.000 1.201 0.000 0.548 0.000
2.070 -0.000 0.653 0.000 1.201 0.000 0.548 0.000
2.090 -0.000 0.653 0.000 1.201 0.000 0.548 0.000
2.110 -0.000 0.652 0.000 1.201 0.000 0.549 0.000
2.130 -0.000 0.652 0.000 1.201 0.000 0.549 0.000
2.150 -0.000 0.652 0.000 1.201 0.000 0.549 0.000
2.170 -0.000 0.651 0.000 1.201 0.000 0.550 0.000
2.190 -0.000 0.651 0.000 1.201 0.000 0.550 0.000
2.210 -0.000 0.651 0.000 1.201 0.000 0.550 0.000
2.230 -0.000 0.650 0.000 1.201 0.000 0.551 0.000
2.250 -0.000 0.650 0.000 1.201 0.000 0.551 0.000
2.270 -0.000 0.649 0.000 1.201 0.000 0.551 0.000
2.290 -0.000 0.649 0.000 1.201 0.000 0.552 0.000
2.310 -0.000 0.649 0.000 1.201 0.000 0.552 0.000
2.330 -0.000 0.648 0.000 1.201 0.000 0.553 0.000
2.350 -0.000 0.648 0.000 1.201 0.000 0.553 0.000
2.370 -0.000 0.648 0.000 1.201 0.000 0.553 0.000
2.390 -0.000 0.647 0.000 1.201 0.000 0.554 0.000
2.410 -0.000 0.647 0.000 1.201 0.000 0.554 0.000
2.430 -0.000 0.646 0.000 1.201 0.000 0.555 0.000
2.450 -0.000 0.646 0.000 1.201 0.000 0.555 0.000
2.470 -0.000 0.646 0.000 1.201 0.000 0.555 0.000
2.490 -0.000 0.645 0.000 1.201 0.000 0.556 0.000
2.510 -0.000 0.645 0.000 1.201 0.000 0.556 0.000
2.530 -0.000 0.644 0.000 1.201 0.000 0.557 0.000
2.550 -0.000 0.644 0.000 1.201 0.000 0.557 0.000
2.570 -0.000 0.644 0.000 1.201 0.000 0.557 0.000
2.590 -0.000 0.643 0.000 1.201 0.000 0.558 0.000
2.610 -0.000 0.643 0.000 1.201 0.000 0.558 0.000
2.630 -0.000 0.642 0.000 1.201 0.000 0.559 0.000
2.650 -0.000 0.642 0.000 1.201 0.000 0.559 0.000
2.670 -0.000 0.642 0.000 1.201 0.000 0.559 0.000
2.690 -0.000 0.641 0.000 1.201 0.000 0.560 0.000
2.710 -0.000 0.641 0.000 1.201 0.000 0.560 0.000
2.730 -0.000 0.640 0.000 1.201 0.000 0.561 0.000
2.750 -0.000 0.640 0.000 1.201 0.000 0.561 0.000
2.770 -0.000 0.639 0.000 1.201 0.000 0.561 0.000
2.790 -0.000 0.639 0.000 1.201 0.000 0.562 0.000
2.810 -0.000 0.639 0.000 1.201 0.000 0.562 0.000
2.830 -0.000 0.638 0.000 1.201 0.000 0.563 0.000
2.850 -0.000 0.638 0.000 1.201 0.000 0.563 0.000
2.870 -0.000 0.637 0.000 1.201 0.000 0.564 0.000
2.890 -0.000 0.637 0.000 1.201 0.000 0.564 0.000
2.910 -0.000 0.636 0.000 1.201 0.000 0.564 0.000
2.930 -0.000 0.636 0.000 1.201 0.000 0.565 0.000
2.950 -0.000 0.636 0.000 1.201 0.000 0.565 0.000
2.970 -0.000 0.635 0.000 1.201 0.000 0.566 0.000
2.990 -0.000 0.635 0.000 1.201 0.000 0.566 0.000
3.010 -0.000 0.634 0.000 1.201 0.000 0.567 0.000
3.030 -0.000 0.634 0.000 1.201 0.000 0.567 0.000
3.050 -0.000 0.633 0.000 1.201 0.000 0.568 0.000
3.070 -0.000 0.633 0.000 1.201 0.000 0.568 0.000
3.090 -0.000 0.632 0.000 1.201 0.000 0.569 0.000
3.110 -0.000 0.632 0.000 1.201 0.000 0.569 0.000
3.130 -0.000 0.631 0.000 1.201 0.000 0.569 0.000
3.150 -0.000 0.631 0.000 1.201 0.000 0.570 0.000
3.170 -0.000 0.631 0.000 1.201 0.000 0.570 0.000
3.190 -0.000 0.630 0.000 1.201 0.000 0.571 0.000
3.210 -0.000 0.630 0.000 1.201 0.000 0.571 0.000
3.230 -0.000 0.629 0.000 1.201 0.000 0.572 0.000
3.250 -0.000 0.629 0.000 1.201 0.000 0.572 0.000
3.270 -0.000 0.628 0.000 1.201 0.000 0.573 0.000
3.290 -0.000 0.628 0.000 1.201 0.000 0.573 0.000
3.310 -0.000 0.627 0.000 1.201 0.000 0.574 0.000
3.330 -0.000 0.627 0.000 1.201 0.000 0.574 0.000
3.350 -0.000 0.626 0.000 1.201 0.000 0.575 0.000
3.370 -0.000 0.626 0.000 1.201 0.000 0.575 0.000
3.390 -0.000 0.625 0.000 1.201 0.000 0.576 0.000
3.410 -0.000 0.625 0.000 1.201 0.000 0.576 0.000
3.430 -0.000 0.624 0.000 1.201 0.000 0.576 0.000
3.450 -0.000 0.624 0.000 1.201 0.000 0.577 0.000
3.470 -0.000 0.623 0.000 1.201 0.000 0.577 0.000
3.490 -0.000 0.623 0.000 1.201 0.000 0.578 0.000
3.510 -0.000 0.622 0.000 1.201 0.000 0.578 0.000
3.530 -0.000 0.622 0.000 1.201 0.000 0.579 0.000
3.550 -0.000 0.622 0.000 1.201 0.000 0.579 0.000
3.570 -0.000 0.621 0.000 1.201 0.000 0.580 0.000
3.590 -0.000 0.621 0.000 1.201 0.000 0.580 0.000
3.610 -0.000 0.620 0.000 1.201 0.000 0.581 0.000
3.630 -0.000 0.620 0.000 1.201 0.000 0.581 0.000
3.650 -0.000 0.619 0.000 1.201 0.000 0.582 0.000
3.670 -0.000 0.619 0.000 1.201 0.000 0.582 0.000
3.690 -0.000 0.618 0.000 1.201 0.000 0.583 0.000
3.710 -0.000 0.618 0.000 1.201 0.000 0.583 0.000
3.730 -0.000 0.617 0.000 1.201 0.000 0.584 0.000
3.750 -0.000 0.617 0.000 1.201 0.000 0.584 0.000
3.770 -0.000 0.616 0.000 1.201 0.000 0.585 0.000
3.790 -0.000 0.616 0.000 1.201 0.000 0.585 0.000
3.810 -0.000 0.615 0.000 1.201 0.000 0.586 0.000
3.830 -0.000 0.615 0.000 1.201 0.000 0.586 0.000
3.850 -0.000 0.614 0.000 1.201 0.000 0.587 0.000
3.870 -0.000 0.614 0.000 1.201 0.000 0.587 0.000
3.890 -0.000 0.613 0.000 1.201 0.000 0.588 0.000
3.910 -0.000 0.613 0.000 1.201 0.000 0.588 0.000
3.930 -0.000 0.612 0.000 1.201 0.000 0.589 0.000
3.950 -0.000 0.612 0.000 1.201 0.000 0.589 0.000
3.970 -0.000 0.611 0.000 1.201 0.000 0.590 0.000
3.990 -0.000 0.611 0.000 1.201 0.000 0.590 0.000
4.010 -0.000 0.610 0.000 1.201 0.000 0.591 0.000
4.030 -0.000 0.610 0.000 1.201 0.000 0.591 0.000
4.050 -0.000 0.609 0.000 1.201 0.000 0.592 0.000
4.070 -0.000 0.608 0.000 1.201 0.000 0.592 0.000
4.090 -0.000 0.608 0.000 1.201 0.000 0.593 0.000
4.110 -0.000 0.607 0.000 1.201 0.000 0.593 0.000
4.130 -0.000 0.607 0.000 1.201 0.000 0.594 0.000
4.150 -0.000 0.606 0.000 1.201 0.000 0.594 0.000
4.170 -0.000 0.606 0.000 1.201 0.000 0.595 0.000
4.190 -0.000 0.605 0.000 1.201 0.000 0.595 0.000
4.210 -0.000 0.605 0.000 1.201 0.000 0.596 0.000
4.230 -0.000 0.604 0.000 1.201 0.000 0.597 0.000
4.250 -0.000 0.604 0.000 1.201 0.000 0.597 0.000
4.270 -0.000 0.603 0.000 1.201 0.000 0.598 0.000
4.290 -0.000 0.603 0.000 1.201 0.000 0.598 0.000
4.310 -0.000 0.602 0.000 1.201 0.000 0.599 0.000
4.330 -0.000 0.602 0.000 1.201 0.000 0.599 0.000
4.350 -0.000 0.601 0.000 1.201 0.000 0.600 0.000
4.370 -0.000 0.601 0.000 1.201 0.000 0.600 0.000
4.390 -0.000 0.600 0.000 1.201 0.000 0.601 0.000
4.410 -0.000 0.600 0.000 1.201 0.000 0.601 0.000
4.430 -0.000 0.599 0.000 1.201 0.000 0.602 0.000
4.450 -0.000 0.599 0.000 1.201 0.000 0.602 0.000
4.470 -0.000 0.598 0.000 1.201 0.000 0.603 0.000
4.490 -0.000 0.598 0.000 1.201 0.000 0.603 0.000
4.510 -0.000 0.597 0.000 1.201 0.000 0.604 0.000
4.530 -0.000 0.596 0.000 1.201 0.000 0.604 0.000
4.550 -0.000 0.596 0.000 1.201 0.000 0.605 0.000
4.570 -0.000 0.595 0.000 1.201 0.000 0.605 0.000
4.590 -0.000 0.595 0.000 1.201 0.000 0.606 0.000
4.610 -0.000 0.594 0.000 1.201 0.000 0.607 0.000
4.630 -0.000 0.594 0.000 1.201 0.000 0.607 0.000
4.650 -0.000 0.593 0.000 1.201 0.000 0.608 0.000
4.670 -0.000 0.593 0.000 1.201 0.000 0.608 0.000
4.690 -0.000 0.592 0.000 1.201 0.000 0.609 0.000
4.710 -0.000 0.592 0.000 1.201 0.000 0.609 0.000
4.730 -0.000 0.591 0.000 1.201 0.000 0.610 0.000
4.750 -0.000 0.591 0.000 1.201 0.000 0.610 0.000
4.770 -0.000 0.590 0.000 1.201 0.000 0.611 0.000
4.790 -0.000 0.590 0.000 1.201 0.000 0.611 0.000
4.810 -0.000 0.589 0.000 1.201 0.000 0.612 0.000
4.830 -0.000 0.589 0.000 1.201 0.000 0.612 0.000
4.850 -0.000 0.588 0.000 1.201 0.000 0.613 0.000
4.870 -0.000 0.587 0.000 1.201 0.000 0.613 0.000
4.890 -0.000 0.587 0.000 1.201 0.000 0.614 0.000
4.910 -0.000 0.586 0.000 1.201 0.000 0.614 0.000
4.930 -0.000 0.586 0.000 1.201 0.000 0.615 0.000
4.950 -0.000 0.585 0.000 1.201 0.000 0.616 0.000
4.970 -0.000 0.585 0.000 1.201 0.000 0.616 0.000
4.990 -0.000 0.584 0.000 1.201 0.000 0.617 0.000
5.010 -0.000 0.584 0.000 1.201 0.000 0.617 0.000
5.030 -0.000 0.583 0.000 1.201 0.000 0.618 0.000
5.050 -0.000 0.583 0.000 1.201 0.000 0.618 0.000
5.070 -0.000 0.582 0.000 1.201 0.000 0.619 0.000
5.090 -0.000 0.582 0.000 1.201 0.000 0.619 0.000
5.110 -0.000 0.581 0.000 1.201 0.000 0.620 0.000
5.130 -0.000 0.581 0.000 1.201 0.000 0.620 0.000
5.150 -0.000 0.580 0.000 1.201 0.000 0.621 0.000
5.170 -0.000 0.579 0.000 1.201 0.000 0.621 0.000
5.190 -0.000 0.579 0.000 1.201 0.000 0.622 0.000
5.210 -0.000 0.578 0.000 1.201 0.000 0.622 0.000
5.230 -0.000 0.578 0.000 1.201 0.000 0.623 0.000
5.250 -0.000 0.577 0.000 1.201 0.000 0.624 0.000
5.270 -0.000 0.577 0.000 1.201 0.000 0.624 0.000
5.290 -0.000 0.576 0.000 1.201 0.000 0.625 0.000
5.310 -0.000 0.576 0.000 1.201 0.000 0.625 0.000
5.330 -0.000 0.575 0.000 1.201 0.000 0.626 0.000
5.350 -0.000 0.575 0.000 1.201 0.000 0.626 0.000
5.370 -0.000 0.574 0.000 1.201 0.000 0.627 0.000
5.390 -0.000 0.574 0.000 1.201 0.000 0.627 0.000
5.410 -0.000 0.573 0.000 1.201 0.000 0.628 0.000
5.430 -0.000 0.573 0.000 1.201 0.000 0.628 0.000
5.450 -0.000 0.572 0.000 1.201 0.000 0.629 0.000
5.470 -0.000 0.572 0.000 1.201 0.000 0.629 0.000
5.490 -0.000 0.571 0.000 1.201 0.000 0.630 0.000
5.510 -0.000 0.570 0.000 1.201 0.000 0.630 0.000
5.530 -0.000 0.570 0.000 1.201 0.000 0.631 0.000
5.550 -0.000 0.569 0.000 1.201 0.000 0.631 0.000
5.570 -0.000 0.569 0.000 1.201 0.000 0.632 0.000
5.590 -0.000 0.568 0.000 1.201 0.000 0.633 0.000
5.610 -0.000 0.568 0.000 1.201 0.000 0.633 0.000
5.630 -0.000 0.567 0.000 1.201 0.000 0.634 0.000
5.650 -0.000 0.567 0.000 1.201 0.000 0.634 0.000
5.670 -0.000 0.566 0.000 1.201 0.000 0.635 0.000
5.690 -0.000 0.566 0.000 1.201 0.000 0.635 0.000
5.710 -0.000 0.565 0.000 1.201 0.000 0.636 0.000
5.730 -0.000 0.565 0.000 1.201 0.000 0.636 0.000
5.750 -0.000 0.564 0.000 1.201 0.000 0.637 0.000
5.770 -0.000 0.564 0.000 1.201 0.000 0.637 0.000
5.790 -0.000 0.563 0.000 1.201 0.000 0.638 0.000
5.810 -0.000 0.563 0.000 1.201 0.000 0.638 0.000
5.830 -0.000 0.562 0.000 1.201 0.000 0.639 0.000
5.850 -0.000 0.562 0.000 1.201 0.000 0.639 0.000
5.870 -0.000 0.561 0.000 1.201 0.000 0.640 0.000
5.890 -0.000 0.561 0.000 1.201 0.000 0.640 0.000
5.910 -0.000 0.560 0.000 1.201 0.000 0.641 0.000
5.930 -0.000 0.560 0.000 1.201 0.000 0.641 0.000
5.950 -0.000 0.559 0.000 1.201 0.000 0.642 0.000
5.970 -0.000 0.558 0.000 1.201 0.000 0.642 0.000
5.990 -0.000 0.558 0.000 1.201 0.000 0.643 0.000
6.010 -0.000 0.557 0.000 1.201 0.000 0.643 0.000
6.030 -0.000 0.557 0.000 1.201 0.000 0.644 0.000
6.050 -0.000 0.556 0.000 1.201 0.000 0.644 0.000
6.070 -0.000 0.556 0.000 1.201 0.000 0.645 0.000
6.090 -0.000 0.555 0.000 1.201 0.000 0.645 0.000
6.110 -0.000 0.555 0.000 1.201 0.000 0.646 0.000
6.130 -0.000 0.554 0.000 1.201 0.000 0.646 0.000
6.150 -0.000 0.554 0.000 1.201 0.000 0.647 0.000
6.170 -0.000 0.553 0.000 1.201 0.000 0.647 0.000
6.190 -0.000 0.553 0.000 1.201 0.000 0.648 0.000
6.210 -0.000 0.552 0.000 1.201 0.000 0.648 0.000
6.230 -0.000 0.552 0.000 1.201 0.000 0.649 0.000
6.250 -0.000 0.551 0.000 1.201 0.000 0.649 0.000
6.270 -0.000 0.551 0.000 1.201 0.000 0.650 0.000
6.290 -0.000 0.550 0.000 1.201 0.000 0.650 0.000
6.310 -0.000 0.550 0.000 1.201 0.000 0.651 0.000
6.330 -0.000 0.549 0.000 1.201 0.000 0.651 0.000
6.350 -0.000 0.549 0.000 1.201 0.000 0.652 0.000
6.370 -0.000 0.548 0.000 1.201 0.000 0.652 0.000
6.390 -0.000 0.548 0.000 1.201 0.000 0.653 0.000
6.410 -0.000 0.547 0.000 1.201 0.000 0.653 0.000
6.430 -0.000 0.547 0.000 1.201 0.000 0.654 0.000
6.450 -0.000 0.546 0.000 1.201 0.000 0.654 0.000
6.470 -0.000 0.546 0.000 1.201 0.000 0.655 0.000
6.490 -0.000 0.545 0.000 1.201 0.000 0.655 0.000
6.510 -0.000 0.545 0.000 1.201 0.000 0.656 0.000
6.530 -0.000 0.545 0.000 1.201 0.000 0.656 0.000
6.550 -0.000 0.544 0.000 1.201 0.000 0.657 0.000
6.570 -0.000 0.544 0.000 1.201 0.000 0.657 0.000
6.590 -0.000 0.543 0.000 1.201 0.000 0.658 0.000
6.610 -0.000 0.543 0.000 1.201 0.000 0.658 0.000
6.630 -0.000 0.542 0.000 1.201 0.000 0.659 0.000
6.650 -0.000 0.542 0.000 1.201 0.000 0.659 0.000
6.670 -0.000 0.541 0.000 1.201 0.000 0.660 0.000
6.690 -0.000 0.541 0.000 1.201 0.000 0.660 0.000
6.710 -0.000 0.540 0.000 1.201 0.000 0.661 0.000
6.730 -0.000 0.540 0.000 1.201 0.000 0.661 0.000
6.750 -0.000 0.539 0.000 1.201 0.000 0.662 0.000
6.770 -0.000 0.539 0.000 1.201 0.000 0.662 0.000
6.790 -0.000 0.538 0.000 1.201 0.000 0.663 0.000
6.810 -0.000 0.538 0.000 1.201 0.000 0.663 0.000
6.830 -0.000 0.537 0.000 1.201 0.000 0.663 0.000
6.850 -0.000 0.537 0.000 1.201 0.000 0.664 0.000
6.870 -0.000 0.536 0.000 1.201 0.000 0.664 0.000
6.890 -0.000 0.536 0.000 1.201 0.000 0.665 0.000
6.910 -0.000 0.536 0.000 1.201 0.000 0.665 0.000
6.930 -0.000 0.535 0.000 1.201 0.000 0.666 0.000
6.950 -0.000 0.535 0.000 1.201 0.000 0.666 0.000
6.970 -0.000 0.534 0.000 1.201 0.000 0.667 0.000
6.990 -0.000 0.534 0.000 1.201 0.000 0.667 0.000
7.010 -0.000 0.533 0.000 1.201 0.000 0.668 0.000
7.030 -0.000 0.533 0.000 1.201 0.000 0.668 0.000
7.050 -0.000 0.532 0.000 1.201 0.000 0.668 0.000
7.070 -0.000 0.532 0.000 1.201 0.000 0.669 0.000
7.090 -0.000 0.532 0.000 1.201 0.000 0.669 0.000
7.110 -0.000 0.531 0.000 1.201 0.000 0.670 0.000
7.130 -0.000 0.531 0.000 1.201 0.000 0.670 0.000
7.150 -0.000 0.530 0.000 1.201 0.000 0.671 0.000
7.170 -0.000 0.530 0.000 1.201 0.000 0.671 0.000
7.190 -0.000 0.529 0.000 1.201 0.000 0.672 0.000
7.210 -0.000 0.529 0.000 1.201 0.000 0.672 0.000
7.230 -0.000 0.528 0.000 1.201 0.000 0.672 0.000
7.250 -0.000 0.528 0.000 1.201 0.000 0.673 0.000
7.270 -0.000 0.528 0.000 1.201 0.000 0.673 0.000
7.290 -0.000 0.527 0.000 1.201 0.000 0.674 0.000
7.310 -0.000 0.527 0.000 1.201 0.000 0.674 0.000
7.330 -0.000 0.526 0.000 1.201 0.000 0.675 0.000
7.350 -0.000 0.526 0.000 1.201 0.000 0.675 0.000
7.370 -0.000 0.526 0.000 1.201 0.000 0.675 0.000
7.390 -0.000 0.525 0.000 1.201 0.000 0.676 0.000
7.410 -0.000 0.525 0.000 1.201 0.000 0.676 0.000
7.430 -0.000 0.524 0.000 1.201 0.000 0.677 0.000
7.450 -0.000 0.524 0.000 1.201 0.000 0.677 0.000
7.470 -0.000 0.524 0.000 1.201 0.000 0.677 0.000
7.490 -0.000 0.523 0.000 1.201 0.000 0.678 0.000
7.510 -0.000 0.523 0.000 1.201 0.000 0.678 0.000
7.530 -0.000 0.522 0.000 1.201 0.000 0.679 0.000
7.550 -0.000 0.522 0.000 1.201 0.000 0.679 0.000
7.570 -0.000 0.522 0.000 1.201 0.000 0.679 0.000
7.590 -0.000 0.521 0.000 1.201 0.000 0.680 0.000
7.610 -0.000 0.521 0.000 1.201 0.000 0.680 0.000
7.630 -0.000 0.520 0.000 1.201 0.000 0.681 0.000
7.650 -0.000 0.520 0.000 1.201 0.000 0.681 0.000
7.670 -0.000 0.520 0.000 1.201 0.000 0.681 0.000
7.690 -0.000 0.519 0.000 1.201 0.000 0.682 0.000
7.710 -0.000 0.519 0.000 1.201 0.000 0.682 0.000
7.730 -0.000 0.518 0.000 1.201 0.000 0.682 0.000
7.750 -0.000 0.518 0.000 1.201 0.000 0.683 0.000
7.770 -0.000 0.518 0.000 1.201 0.000 0.683 0.000
7.790 -0.000 0.517 0.000 1.201 0.000 0.684 0.000
7.810 -0.000 0.517 0.000 1.201 0.000 0.684 0.000
7.830 -0.000 0.517 0.000 1.201 0.000 0.684 0.000
7.850 -0.000 0.516 0.000 1.201 0.000 0.685 0.000
7.870 -0.000 0.516 0.000 1.201 0.000 0.685 0.000
7.890 -0.000 0.516 0.000 1.201 0.000 0.685 0.000
7.910 -0.000 0.515 0.000 1.201 0.000 0.686 0.000
7.930 -0.000 0.515 0.000 1.201 0.000 0.686 0.000
7.950 -0.000 0.514 0.000 1.201 0.000 0.686 0.000
7.970 -0.000 0.514 0.000 1.201 0.000 0.687 0.000
7.990 -0.000 0.514 0.000 1.201 0.000 0.687 0.000
8.010 -0.000 0.513 0.000 1.201 0.000 0.687 0.000
8.030 -0.000 0.513 0.000 1.201 0.000 0.688 0.000
8.050 -0.000 0.513 0.000 1.201 0.000 0.688 0.000
8.070 -0.000 0.512 0.000 1.201 0.000 0.688 0.000
8.090 -0.000 0.512 0.000 1.201 0.000 0.689 0.000
8.110 -0.000 0.512 0.000 1.201 0.000 0.689 0.000
8.130 -0.000 0.511 0.000 1.201 0.000 0.689 0.000
8.150 -0.000 0.511 0.000 1.201 0.000 0.690 0.000
8.170 -0.000 0.511 0.000 1.201 0.000 0.690 0.000
8.190 -0.000 0.510 0.000 1.201 0.000 0.690 0.000
8.210 -0.000 0.510 0.000 1.201 0.000 0.691 0.000
8.230 -0.000 0.510 0.000 1.201 0.000 0.691 0.000
8.250 -0.000 0.510 0.000 1.201 0.000 0.691 0.000
8.270 -0.000 0.509 0.000 1.201 0.000 0.692 0.000
8.290 -0.000 0.509 0.000 1.201 0.000 0.692 0.000
8.310 -0.000 0.509 0.000 1.201 0.000 0.692 0.000
8.330 -0.000 0.508 0.000 1.201 0.000 0.693 0.000
8.350 -0.000 0.508 0.000 1.201 0.000 0.693 0.000
8.370 -0.000 0.508 0.000 1.201 0.000 0.693 0.000
8.390 -0.000 0.507 0.000 1.201 0.000 0.693 0.000
8.410 -0.000 0.507 0.000 1.201 0.000 0.694 0.000
8.430 -0.000 0.507 0.000 1.201 0.000 0.694 0.000
8.450 -0.000 0.507 0.000 1.201 0.000 0.694 0.000
8.470 -0.000 0.506 0.000 1.201 0.000 0.695 0.000
8.490 -0.000 0.506 0.000 1.201 0.000 0.695 0.000
8.510 -0.000 0.506 0.000 1.201 0.000 0.695 0.000
8.530 -0.000 0.505 0.000 1.201 0.000 0.695 0.000
8.550 -0.000 0.505 0.000 1.201 0.000 0.696 0.000
8.570 -0.000 0.505 0.000 1.201 0.000 0.696 0.000
8.590 -0.000 0.505 0.000 1.201 0.000 0.696 0.000
8.610 -0.000 0.504 0.000 1.201 0.000 0.696 0.000
8.630 -0.000 0.504 0.000 1.201 0.000 0.697 0.000
8.650 -0.000 0.504 0.000 1.201 0.000 0.697 0.000
8.670 -0.000 0.504 0.000 1.201 0.000 0.697 0.000
8.690 -0.000 0.503 0.000 1.201 0.000 0.697 0.000
8.710 -0.000 0.503 0.000 1.201 0.000 0.698 0.000
8.730 -0.000 0.503 0.000 1.201 0.000 0.698 0.000
8.750 -0.000 0.503 0.000 1.201 0.000 0.698 0.000
8.770 -0.000 0.502 0.000 1.201 0.000 0.698 0.000
8.790 -0.000 0.502 0.000 1.201 0.000 0.699 0.000
8.810 -0.000 0.502 0.000 1.201 0.000 0.699 0.000
8.830 -0.000 0.502 0.000 1.201 0.000 0.699 0.000
8.850 -0.000 0.502 0.000 1.201 0.000 0.699 0.000
8.870 -0.000 0.501 0.000 1.201 0.000 0.700 0.000
8.890 -0.000 0.501 0.000 1.201 0.000 0.700 0.000
8.910 -0.000 0.501 0.000 1.201 0.000 0.700 0.000
8.930 -0.000 0.501 0.000 1.201 0.000 0.700 0.000
8.950 -0.000 0.501 0.000 1.201 0.000 0.700 0.000
8.970 -0.000 0.500 0.000 1.201 0.000 0.701 0.000
8.990 -0.000 0.500 0.000 1.201 0.000 0.701 0.000
9.010 -0.000 0.500 0.000 1.201 0.000 0.701 0.000
9.030 -0.000 0.500 0.000 1.201 0.000 0.701 0.000
9.050 -0.000 0.500 0.000 1.201 0.000 0.701 0.000
9.070 -0.000 0.499 0.000 1.201 0.000 0.702 0.000
9.090 -0.000 0.499 0.000 1.201 0.000 0.702 0.000
9.110 -0.000 0.499 0.000 1.201 0.000 0.702 0.000
9.130 -0.000 0.499 0.000 1.201 0.000 0.702 0.000
9.150 -0.000 0.499 0.000 1.201 0.000 0.702 0.000
9.170 -0.000 0.499 0.000 1.201 0.000 0.702 0.000
9.190 -0.000 0.498 0.000 1.201 0.000 0.703 0.000
9.210 -0.000 0.498 0.000 1.201 0.000 0.703 0.000
9.230 -0.000 0.498 0.000 1.201 0.000 0.703 0.000
9.250 -0.000 0.498 0.000 1.201 0.000 0.703 0.000
9.270 -0.000 0.498 0.000 1.201 0.000 0.703 0.000
9.290 -0.000 0.498 0.000 1.201 0.000 0.703 0.000
9.310 -0.000 0.497 0.000 1.201 0.000 0.703 0.000
9.330 -0.000 0.497 0.000 1.201 0.000 0.704 0.000
9.350 -0.000 0.497 0.000 1.201 0.000 0.704 0.000
9.370 -0.000 0.497 0.000 1.201 0.000 0.704 0.000
9.390 -0.000 0.497 0.000 1.201 0.000 0.704 0.000
9.410 -0.000 0.497 0.000 1.201 0.000 0.704 0.000
9.430 -0.000 0.497 0.000 1.201 0.000 0.704 0.000
9.450 -0.000 0.497 0.000 1.201 0.000 0.704 0.000
9.470 -0.000 0.496 0.000 1.201 0.000 0.704 0.000
9.490 -0.000 0.496 0.000 1.201 0.000 0.705 0.000
9.510 -0.000 0.496 0.000 1.201 0.000 0.705 0.000
9.530 -0.000 0.496 0.000 1.201 0.000 0.705 0.000
9.550 -0.000 0.496 0.000 1.201 0.000 0.705 0.000
9.570 -0.000 0.496 0.000 1.201 0.000 0.705 0.000
9.590 -0.000 0.496 0.000 1.201 0.000 0.705 0.000
9.610 -0.000 0.496 0.000 1.201 0.000 0.705 0.000
9.630 -0.000 0.496 0.000 1.201 0.000 0.705 0.000
9.650 -0.000 0.496 0.000 1.201 0.000 0.705 0.000
9.670 -0.000 0.496 0.000 1.201 0.000 0.705 0.000
9.690 -0.000 0.495 0.000 1.201 0.000 0.705 0.000
9.710 -0.000 0.495 0.000 1.201 0.000 0.705 0.000
9.730 -0.000 0.495 0.000 1.201 0.000 0.706 0.000
9.750 -0.000 0.495 0.000 1.201 0.000 0.706 0.000
9.770 -0.000 0.495 0.000 1.201 0.000 0.706 0.000
9.790 -0.000 0.495 0.000 1.201 0.000 0.706 0.000
9.810 -0.000 0.495 0.000 1.201 0.000 0.706 0.000
9.830 -0.000 0.495 0.000 1.201 0.000 0.706 0.000
9.850 -0.000 0.495 0.000 1.201 0.000 0.706 0.000
9.870 -0.000 0.495 0.000 1.201 0.000 0.706 0.000
9.890 -0.000 0.495 0.000 1.201 0.000 0.706 0.000
9.910 -0.000 0.495 0.000 1.201 0.000 0.706 0.000
9.930 -0.000 0.495 0.000 1.201 0.000 0.706 0.000
9.950 -0.000 0.495 0.000 1.201 0.000 0.706 0.000
9.970 -0.000 0.495 0.000 1.201 0.000 0.706 0.000
9.990 -0.000 0.495 0.000 1.201 0.000 0.706 0.000
10.010 -0.000 0.495 0.000 1.201 0.000 0.706 0.000
10.020 -0.000 0.495 0.000 1.201 0.000 0.706 0.000
