0.000 -0.000 0.632 0.000 1.209 0.000 0.577 0.000
0.010 -0.000 0.632 0.000 1.209 0.000 0.577 0.000
0.030 0.000 0.632 -0.000 1.209 -0.000 0.577 0.000
0.050 0.001 0.632 -0.001 1.209 -0.001 0.577 0.001
0.070 0.002 0.632 -0.002 1.209 -0.003 0.577 0.002
0.090 0.004 0.632 -0.004 1.209 -0.004 0.577 0.003
0.110 0.005 0.632 -0.005 1.209 -0.005 0.577 0.003
0.130 0.006 0.632 -0.006 1.209 -0.006 0.577 0.004
0.150 0.006 0.632 -0.007 1.209 -0.007 0.577 0.005
0.170 0.007 0.632 -0.007 1.209 -0.008 0.577 0.005
0.190 0.008 0.632 -0.008 1.209 -0.009 0.577 0.006
0.210 0.009 0.632 -0.009 1.209 -0.010 0.577 0.007
0.230 0.010 0.632 -0.010 1.209 -0.011 0.578 0.007
0.250 0.011 0.632 -0.011 1.209 -0.012 0.578 0.008
0.270 0.012 0.632 -0.012 1.209 -0.013 0.578 0.009
0.290 0.013 0.632 -0.013 1.209 -0.014 0.578 0.009
0.310 0.014 0.632 -0.014 1.209 -0.015 0.578 0.010
0.330 0.015 0.632 -0.015 1.209 -0.016 0.578 0.011
0.350 0.016 0.631 -0.016 1.209 -0.017 0.578 0.011
0.370 0.017 0.631 -0.017 1.209 -0.018 0.578 0.012
0.390 0.017 0.631 -0.018 1.209 -0.019 0.578 0.013
0.410 0.018 0.631 -0.019 1.209 -0.020 0.579 0.013
0.430 0.019 0.631 -0.019 1.209 -0.021 0.579 0.014
0.450 0.020 0.631 -0.020 1.209 -0.022 0.579 0.015
0.470 0.021 0.631 -0.021 1.209 -0.023 0.579 0.015
0.490 0.022 0.631 -0.022 1.209 -0.024 0.579 0.016
0.510 0.023 0.630 -0.023 1.209 -0.025 0.579 0.017
0.530 0.024 0.630 -0.024 1.209 -0.026 0.580 0.017
0.550 0.025 0.630 -0.025 1.209 -0.027 0.580 0.018
0.570 0.025 0.630 -0.026 1.209 -0.028 0.580 0.018
0.590 0.026 0.630 -0.027 1.209 -0.029 0.580 0.019
0.610 0.027 0.630 -0.027 1.209 -0.030 0.580 0.020
0.630 0.028 0.629 -0.028 1.209 -0.030 0.581 0.020
0.650 0.029 0.629 -0.029 1.209 -0.031 0.581 0.021
0.670 0.030 0.629 -0.030 1.209 -0.032 0.581 0.022
0.690 0.031 0.629 -0.031 1.209 -0.033 0.581 0.022
0.710 0.031 0.628 -0.032 1.209 -0.034 0.582 0.023
0.730 0.032 0.628 -0.033 1.209 -0.035 0.582 0.023
0.750 0.033 0.628 -0.034 1.209 -0.036 0.582 0.024
0.770 0.034 0.628 -0.034 1.209 -0.037 0.582 0.025
0.790 0.035 0.628 -0.035 1.209 -0.038 0.583 0.025
0.810 0.036 0.627 -0.036 1.209 -0.039 0.583 0.026
0.830 0.036 0.627 -0.037 1.209 -0.039 0.583 0.027
0.850 0.037 0.627 -0.038 1.209 -0.040 0.583 0.027
0.870 0.038 0.627 -0.039 1.209 -0.041 0.584 0.028
0.890 0.039 0.626 -0.039 1.209 -0.042 0.584 0.028
0.910 0.039 0.626 -0.040 1.209 -0.043 0.584 0.029
0.930 0.040 0.626 -0.041 1.209 -0.044 0.585 0.029
0.950 0.041 0.625 -0.042 1.209 -0.044 0.585 0.030
0.970 0.042 0.625 -0.043 1.209 -0.045 0.585 0.031
0.990 0.043 0.625 -0.043 1.209 -0.046 0.586 0.031
1.010 0.043 0.625 -0.044 1.209 -0.047 0.586 0.032
1.030 0.044 0.624 -0.045 1.209 -0.048 0.586 0.032
1.050 0.045 0.624 -0.046 1.209 -0.048 0.587 0.033
1.070 0.045 0.624 -0.047 1.209 -0.049 0.587 0.033
1.090 0.046 0.623 -0.047 1.209 -0.050 0.587 0.034
1.110 0.047 0.623 -0.048 1.209 -0.051 0.588 0.034
1.130 0.048 0.623 -0.049 1.209 -0.051 0.588 0.035
1.150 0.048 0.622 -0.050 1.209 -0.052 0.588 0.035
1.170 0.049 0.622 -0.050 1.209 -0.053 0.589 0.036
1.190 0.050 0.622 -0.051 1.209 -0.054 0.589 0.037
1.210 0.050 0.621 -0.052 1.209 -0.054 0.590 0.037
1.230 0.051 0.621 -0.053 1.209 -0.055 0.590 0.038
1.250 0.052 0.620 -0.053 1.209 -0.056 0.590 0.038
1.270 0.052 0.620 -0.054 1.209 -0.056 0.591 0.039
1.290 0.053 0.620 -0.055 1.209 -0.057 0.591 0.039
1.310 0.054 0.619 -0.055 1.209 -0.058 0.592 0.039
1.330 0.054 0.619 -0.056 1.209 -0.058 0.592 0.040
1.350 0.055 0.619 -0.057 1.209 -0.059 0.593 0.040
1.370 0.055 0.618 -0.057 1.209 -0.060 0.593 0.041
1.390 0.056 0.618 -0.058 1.209 -0.060 0.593 0.041
1.410 0.057 0.617 -0.059 1.209 -0.061 0.594 0.042
1.430 0.057 0.617 -0.059 1.209 -0.061 0.594 0.042
1.450 0.058 0.617 -0.060 1.209 -0.062 0.595 0.043
1.470 0.058 0.616 -0.061 1.209 -0.063 0.595 0.043
1.490 0.059 0.616 -0.061 1.209 -0.063 0.596 0.044
1.510 0.059 0.615 -0.062 1.209 -0.064 0.596 0.044
1.530 0.060 0.615 -0.063 1.209 -0.064 0.597 0.044
1.550 0.061 0.614 -0.063 1.209 -0.065 0.597 0.045
1.570 0.061 0.614 -0.064 1.209 -0.065 0.597 0.045
1.590 0.062 0.613 -0.064 1.209 -0.066 0.598 0.046
1.610 0.062 0.613 -0.065 1.209 -0.066 0.598 0.046
1.630 0.063 0.613 -0.066 1.209 -0.067 0.599 0.046
1.650 0.063 0.612 -0.066 1.209 -0.067 0.599 0.047
1.670 0.063 0.612 -0.067 1.209 -0.068 0.600 0.047
1.690 0.064 0.611 -0.067 1.209 -0.068 0.600 0.047
1.710 0.064 0.611 -0.068 1.209 -0.069 0.601 0.048
1.730 0.065 0.610 -0.068 1.209 -0.069 0.601 0.048
1.750 0.065 0.610 -0.069 1.209 -0.069 0.602 0.048
1.770 0.066 0.609 -0.069 1.209 -0.070 0.602 0.049
1.790 0.066 0.609 -0.070 1.209 -0.070 0.603 0.049
1.810 0.066 0.608 -0.070 1.209 -0.071 0.603 0.049
1.830 0.067 0.608 -0.071 1.209 -0.071 0.604 0.050
1.850 0.067 0.607 -0.071 1.209 -0.071 0.605 0.050
1.870 0.068 0.607 -0.072 1.209 -0.072 0.605 0.050
1.890 0.068 0.606 -0.072 1.209 -0.072 0.606 0.051
1.910 0.068 0.606 -0.072 1.209 -0.072 0.606 0.051
1.930 0.069 0.605 -0.073 1.209 -0.073 0.607 0.051
1.950 0.069 0.605 -0.073 1.209 -0.073 0.607 0.051
1.970 0.069 0.604 -0.074 1.209 -0.073 0.608 0.052
1.990 0.070 0.604 -0.074 1.209 -0.074 0.608 0.052
2.010 0.070 0.603 -0.074 1.209 -0.074 0.609 0.052
2.030 0.070 0.603 -0.075 1.209 -0.074 0.609 0.052
2.050 0.070 0.602 -0.075 1.209 -0.074 0.610 0.052
2.070 0.071 0.602 -0.075 1.209 -0.075 0.610 0.053
2.090 0.071 0.601 -0.076 1.209 -0.075 0.611 0.053
2.110 0.071 0.601 -0.076 1.209 -0.075 0.611 0.053
2.130 0.071 0.600 -0.076 1.209 -0.075 0.612 0.053
2.150 0.072 0.600 -0.077 1.209 -0.075 0.613 0.053
2.170 0.072 0.599 -0.077 1.209 -0.075 0.613 0.053
2.190 0.072 0.599 -0.077 1.209 -0.076 0.614 0.054
2.210 0.072 0.598 -0.078 1.209 -0.076 0.614 0.054
2.230 0.073 0.597 -0.078 1.209 -0.076 0.615 0.054
2.250 0.073 0.597 -0.078 1.209 -0.076 0.615 0.054
2.270 0.073 0.596 -0.078 1.209 -0.076 0.616 0.054
2.290 0.073 0.596 -0.078 1.209 -0.076 0.616 0.054
2.310 0.073 0.595 -0.079 1.209 -0.076 0.617 0.054
2.330 0.073 0.595 -0.079 1.209 -0.076 0.618 0.054
2.350 0.073 0.594 -0.079 1.209 -0.076 0.618 0.054
2.370 0.074 0.594 -0.079 1.209 -0.076 0.619 0.054
2.390 0.074 0.593 -0.079 1.209 -0.076 0.619 0.055
2.410 0.074 0.592 -0.080 1.209 -0.076 0.620 0.055
2.430 0.074 0.592 -0.080 1.209 -0.076 0.620 0.055
2.450 0.074 0.591 -0.080 1.209 -0.076 0.621 0.055
2.470 0.074 0.591 -0.080 1.209 -0.076 0.622 0.055
2.490 0.074 0.590 -0.080 1.209 -0.076 0.622 0.055
2.510 0.074 0.590 -0.080 1.209 -0.076 0.623 0.055
2.530 0.074 0.589 -0.080 1.209 -0.076 0.623 0.055
2.550 0.074 0.589 -0.080 1.209 -0.076 0.624 0.055
2.570 0.074 0.588 -0.080 1.209 -0.076 0.624 0.055
2.590 0.074 0.587 -0.080 1.209 -0.076 0.625 0.054
2.610 0.074 0.587 -0.080 1.209 -0.076 0.625 0.054
2.630 0.074 0.586 -0.080 1.209 -0.076 0.626 0.054
2.650 0.074 0.586 -0.080 1.209 -0.076 0.627 0.054
2.670 0.074 0.585 -0.080 1.209 -0.076 0.627 0.054
2.690 0.074 0.585 -0.080 1.209 -0.075 0.628 0.054
2.710 0.074 0.584 -0.080 1.209 -0.075 0.628 0.054
2.730 0.074 0.584 -0.080 1.209 -0.075 0.629 0.054
2.750 0.074 0.583 -0.080 1.209 -0.075 0.629 0.054
2.770 0.074 0.582 -0.080 1.209 -0.075 0.630 0.054
2.790 0.074 0.582 -0.080 1.209 -0.074 0.630 0.053
2.810 0.073 0.581 -0.080 1.209 -0.074 0.631 0.053
2.830 0.073 0.581 -0.080 1.209 -0.074 0.631 0.053
2.850 0.073 0.580 -0.079 1.209 -0.074 0.632 0.053
2.870 0.073 0.580 -0.079 1.209 -0.073 0.633 0.053
2.890 0.073 0.579 -0.079 1.209 -0.073 0.633 0.052
2.910 0.073 0.579 -0.079 1.209 -0.073 0.634 0.052
2.930 0.073 0.578 -0.079 1.209 -0.073 0.634 0.052
2.950 0.072 0.577 -0.079 1.209 -0.072 0.635 0.052
2.970 0.072 0.577 -0.078 1.209 -0.072 0.635 0.052
2.990 0.072 0.576 -0.078 1.209 -0.072 0.636 0.051
3.010 0.072 0.576 -0.078 1.209 -0.071 0.636 0.051
3.030 0.072 0.575 -0.078 1.209 -0.071 0.637 0.051
3.050 0.071 0.575 -0.077 1.209 -0.071 0.637 0.050
3.070 0.071 0.574 -0.077 1.209 -0.070 0.638 0.050
3.090 0.071 0.574 -0.077 1.209 -0.070 0.638 0.050
3.110 0.071 0.573 -0.077 1.209 -0.070 0.639 0.050
3.130 0.070 0.573 -0.076 1.209 -0.069 0.639 0.049
3.150 0.070 0.572 -0.076 1.209 -0.069 0.640 0.049
3.170 0.070 0.572 -0.076 1.209 -0.068 0.640 0.049
3.190 0.070 0.571 -0.075 1.209 -0.068 0.641 0.048
3.210 0.069 0.570 -0.075 1.209 -0.068 0.641 0.048
3.230 0.069 0.570 -0.074 1.209 -0.067 0.642 0.047
3.250 0.069 0.569 -0.074 1.209 -0.067 0.642 0.047
3.270 0.068 0.569 -0.074 1.209 -0.066 0.643 0.047
3.290 0.068 0.568 -0.073 1.209 -0.066 0.643 0.046
3.310 0.068 0.568 -0.073 1.209 -0.065 0.644 0.046
3.330 0.067 0.567 -0.072 1.209 -0.065 0.644 0.045
3.350 0.067 0.567 -0.072 1.209 -0.064 0.645 0.045
3.370 0.067 0.566 -0.071 1.209 -0.064 0.645 0.044
3.390 0.066 0.566 -0.071 1.209 -0.063 0.646 0.044
3.410 0.066 0.565 -0.070 1.209 -0.063 0.646 0.044
3.430 0.066 0.565 -0.070 1.209 -0.062 0.647 0.043
3.450 0.065 0.564 -0.069 1.209 -0.062 0.647 0.043
3.470 0.065 0.564 -0.069 1.209 -0.061 0.647 0.042
3.490 0.064 0.564 -0.068 1.209 -0.060 0.648 0.042
3.510 0.064 0.563 -0.068 1.209 -0.060 0.648 0.041
3.530 0.064 0.563 -0.067 1.209 -0.059 0.649 0.041
3.550 0.063 0.562 -0.067 1.209 -0.059 0.649 0.040
3.570 0.063 0.562 -0.066 1.209 -0.058 0.650 0.039
3.590 0.062 0.561 -0.065 1.209 -0.058 0.650 0.039
3.610 0.062 0.561 -0.065 1.209 -0.057 0.650 0.038
3.630 0.062 0.560 -0.064 1.209 -0.056 0.651 0.038
3.650 0.061 0.560 -0.064 1.209 -0.056 0.651 0.037
3.670 0.061 0.559 -0.063 1.209 -0.055 0.652 0.037
3.690 0.060 0.559 -0.062 1.209 -0.054 0.652 0.036
3.710 0.060 0.559 -0.062 1.209 -0.054 0.653 0.035
3.730 0.059 0.558 -0.061 1.209 -0.053 0.653 0.035
3.750 0.059 0.558 -0.060 1.209 -0.052 0.653 0.034
3.770 0.058 0.557 -0.060 1.209 -0.052 0.654 0.034
3.790 0.058 0.557 -0.059 1.209 -0.051 0.654 0.033
3.810 0.057 0.556 -0.058 1.209 -0.050 0.654 0.032
3.830 0.057 0.556 -0.057 1.209 -0.050 0.655 0.032
3.850 0.056 0.556 -0.057 1.209 -0.049 0.655 0.031
3.870 0.056 0.555 -0.056 1.209 -0.048 0.655 0.030
3.890 0.055 0.555 -0.055 1.209 -0.048 0.656 0.030
3.910 0.055 0.555 -0.054 1.209 -0.047 0.656 0.029
3.930 0.054 0.554 -0.054 1.209 -0.046 0.656 0.028
3.950 0.054 0.554 -0.053 1.209 -0.046 0.657 0.027
3.970 0.053 0.553 -0.052 1.209 -0.045 0.657 0.027
3.990 0.053 0.553 -0.051 1.209 -0.044 0.657 0.026
4.010 0.052 0.553 -0.050 1.209 -0.043 0.658 0.025
4.030 0.051 0.552 -0.050 1.209 -0.043 0.658 0.025
4.050 0.051 0.552 -0.049 1.209 -0.042 0.658 0.024
4.070 0.050 0.552 -0.048 1.209 -0.041 0.659 0.023
4.090 0.050 0.551 -0.047 1.209 -0.040 0.659 0.022
4.110 0.049 0.551 -0.046 1.209 -0.040 0.659 0.022
4.130 0.049 0.551 -0.045 1.209 -0.039 0.660 0.021
4.150 0.048 0.550 -0.045 1.209 -0.038 0.660 0.020
4.170 0.047 0.550 -0.044 1.209 -0.037 0.660 0.019
4.190 0.047 0.550 -0.043 1.209 -0.036 0.660 0.018
4.210 0.046 0.550 -0.042 1.209 -0.036 0.661 0.018
4.230 0.046 0.549 -0.041 1.209 -0.035 0.661 0.017
4.250 0.045 0.549 -0.040 1.209 -0.034 0.661 0.016
4.270 0.044 0.549 -0.039 1.209 -0.033 0.661 0.015
4.290 0.044 0.548 -0.038 1.209 -0.032 0.662 0.014
4.310 0.043 0.548 -0.037 1.209 -0.032 0.662 0.014
4.330 0.043 0.548 -0.036 1.209 -0.031 0.662 0.013
4.350 0.042 0.548 -0.035 1.209 -0.030 0.662 0.012
4.370 0.041 0.547 -0.034 1.209 -0.029 0.663 0.011
4.390 0.041 0.547 -0.033 1.209 -0.028 0.663 0.010
4.410 0.040 0.547 -0.032 1.209 -0.027 0.663 0.009
4.430 0.039 0.547 -0.032 1.209 -0.027 0.663 0.008
4.450 0.039 0.547 -0.031 1.209 -0.026 0.663 0.008
4.470 0.038 0.546 -0.030 1.209 -0.025 0.663 0.007
4.490 0.038 0.546 -0.029 1.209 -0.024 0.664 0.006
4.510 0.037 0.546 -0.028 1.209 -0.023 0.664 0.005
4.530 0.036 0.546 -0.027 1.209 -0.022 0.664 0.004
4.550 0.036 0.546 -0.026 1.209 -0.022 0.664 0.003
4.570 0.035 0.545 -0.025 1.209 -0.021 0.664 0.002
4.590 0.034 0.545 -0.024 1.209 -0.020 0.664 0.001
4.610 0.034 0.545 -0.023 1.209 -0.019 0.665 0.001
4.630 0.033 0.545 -0.022 1.209 -0.018 0.665 -0.000
4.650 0.032 0.545 -0.020 1.209 -0.017 0.665 -0.001
4.670 0.032 0.545 -0.019 1.209 -0.016 0.665 -0.002
4.690 0.031 0.545 -0.018 1.209 -0.015 0.665 -0.003
4.710 0.030 0.544 -0.017 1.209 -0.015 0.665 -0.004
4.730 0.030 0.544 -0.016 1.209 -0.014 0.665 -0.005
4.750 0.029 0.544 -0.015 1.209 -0.013 0.665 -0.006
4.770 0.028 0.544 -0.014 1.209 -0.012 0.665 -0.007
4.790 0.028 0.544 -0.013 1.209 -0.011 0.666 -0.008
4.810 0.027 0.544 -0.012 1.209 -0.010 0.666 -0.009
4.830 0.026 0.544 -0.011 1.209 -0.009 0.666 -0.009
4.850 0.026 0.544 -0.010 1.209 -0.008 0.666 -0.010
4.870 0.025 0.544 -0.009 1.209 -0.008 0.666 -0.011
4.890 0.024 0.544 -0.008 1.209 -0.007 0.666 -0.012
4.910 0.024 0.544 -0.007 1.209 -0.006 0.666 -0.013
4.930 0.023 0.544 -0.006 1.209 -0.005 0.666 -0.014
4.950 0.022 0.543 -0.005 1.209 -0.004 0.666 -0.015
4.970 0.022 0.543 -0.004 1.209 -0.003 0.666 -0.016
4.990 0.021 0.543 -0.003 1.209 -0.002 0.666 -0.017
5.010 0.020 0.543 -0.002 1.209 -0.001 0.666 -0.018
5.030 0.020 0.543 -0.001 1.209 -0.000 0.666 -0.019
5.050 0.019 0.543 0.000 1.209 0.000 0.666 -0.020
5.070 0.018 0.543 0.002 1.209 0.001 0.666 -0.021
5.090 0.018 0.543 0.003 1.209 0.002 0.666 -0.022
5.110 0.017 0.543 0.004 1.209 0.003 0.666 -0.022
5.130 0.016 0.543 0.005 1.209 0.004 0.666 -0.023
5.150 0.016 0.544 0.006 1.209 0.005 0.666 -0.024
5.170 0.015 0.544 0.007 1.209 0.006 0.666 -0.025
5.190 0.014 0.544 0.008 1.209 0.007 0.666 -0.026
5.210 0.014 0.544 0.009 1.209 0.008 0.666 -0.027
5.230 0.013 0.544 0.010 1.209 0.008 0.666 -0.028
5.250 0.012 0.544 0.011 1.209 0.009 0.666 -0.029
5.270 0.012 0.544 0.012 1.209 0.010 0.666 -0.030
5.290 0.011 0.544 0.013 1.209 0.011 0.666 -0.031
5.310 0.010 0.544 0.014 1.209 0.012 0.666 -0.032
5.330 0.010 0.544 0.015 1.209 0.013 0.665 -0.033
5.350 0.009 0.544 0.016 1.209 0.014 0.665 -0.034
5.370 0.008 0.544 0.017 1.209 0.015 0.665 -0.034
5.390 0.008 0.545 0.018 1.209 0.015 0.665 -0.035
5.410 0.007 0.545 0.019 1.209 0.016 0.665 -0.036
5.430 0.006 0.545 0.020 1.209 0.017 0.665 -0.037
5.450 0.006 0.545 0.021 1.209 0.018 0.665 -0.038
5.470 0.005 0.545 0.022 1.209 0.019 0.665 -0.039
5.490 0.004 0.545 0.023 1.209 0.020 0.664 -0.040
5.510 0.004 0.545 0.025 1.209 0.021 0.664 -0.041
5.530 0.003 0.546 0.026 1.209 0.021 0.664 -0.042
5.550 0.002 0.546 0.027 1.209 0.022 0.664 -0.043
5.570 0.002 0.546 0.028 1.209 0.023 0.664 -0.043
5.590 0.001 0.546 0.029 1.209 0.024 0.664 -0.044
5.610 0.000 0.546 0.029 1.209 0.025 0.664 -0.045
5.630 -0.000 0.547 0.030 1.209 0.026 0.663 -0.046
5.650 -0.001 0.547 0.031 1.209 0.027 0.663 -0.047
5.670 -0.001 0.547 0.032 1.209 0.027 0.663 -0.048
5.690 -0.002 0.547 0.033 1.209 0.028 0.663 -0.049
5.710 -0.003 0.547 0.034 1.209 0.029 0.663 -0.050
5.730 -0.003 0.548 0.035 1.209 0.030 0.662 -0.050
5.750 -0.004 0.548 0.036 1.209 0.031 0.662 -0.051
5.770 -0.005 0.548 0.037 1.209 0.032 0.662 -0.052
5.790 -0.005 0.548 0.038 1.209 0.032 0.662 -0.053
5.810 -0.006 0.549 0.039 1.209 0.033 0.661 -0.054
5.830 -0.006 0.549 0.040 1.209 0.034 0.661 -0.054
5.850 -0.007 0.549 0.041 1.209 0.035 0.661 -0.055
5.870 -0.008 0.550 0.042 1.209 0.036 0.661 -0.056
5.890 -0.008 0.550 0.043 1.209 0.036 0.660 -0.057
5.910 -0.009 0.550 0.044 1.209 0.037 0.660 -0.058
5.930 -0.009 0.550 0.044 1.209 0.038 0.660 -0.058
5.950 -0.010 0.551 0.045 1.209 0.039 0.660 -0.059
5.970 -0.011 0.551 0.046 1.209 0.039 0.659 -0.060
5.990 -0.011 0.551 0.047 1.209 0.040 0.659 -0.061
6.010 -0.012 0.552 0.048 1.209 0.041 0.659 -0.062
6.030 -0.012 0.552 0.049 1.209 0.042 0.658 -0.062
6.050 -0.013 0.552 0.050 1.209 0.043 0.658 -0.063
6.070 -0.013 0.553 0.050 1.209 0.043 0.658 -0.064
6.090 -0.014 0.553 0.051 1.209 0.044 0.658 -0.065
6.110 -0.014 0.553 0.052 1.209 0.045 0.657 -0.065
6.130 -0.015 0.554 0.053 1.209 0.045 0.657 -0.066
6.150 -0.016 0.554 0.054 1.209 0.046 0.657 -0.067
6.170 -0.016 0.554 0.054 1.209 0.047 0.656 -0.067
6.190 -0.017 0.555 0.055 1.209 0.048 0.656 -0.068
6.210 -0.017 0.555 0.056 1.209 0.048 0.655 -0.069
6.230 -0.018 0.556 0.057 1.209 0.049 0.655 -0.069
6.250 -0.018 0.556 0.057 1.209 0.050 0.655 -0.070
6.270 -0.019 0.556 0.058 1.209 0.050 0.654 -0.071
6.290 -0.019 0.557 0.059 1.209 0.051 0.654 -0.071
6.310 -0.020 0.557 0.060 1.209 0.052 0.654 -0.072
6.330 -0.020 0.558 0.060 1.209 0.052 0.653 -0.073
6.350 -0.021 0.558 0.061 1.209 0.053 0.653 -0.073
6.370 -0.021 0.559 0.062 1.209 0.054 0.653 -0.074
6.390 -0.021 0.559 0.062 1.209 0.054 0.652 -0.075
6.410 -0.022 0.559 0.063 1.209 0.055 0.652 -0.075
6.430 -0.022 0.560 0.064 1.209 0.056 0.651 -0.076
6.450 -0.023 0.560 0.064 1.209 0.056 0.651 -0.076
6.470 -0.023 0.561 0.065 1.209 0.057 0.651 -0.077
6.490 -0.024 0.561 0.065 1.209 0.058 0.650 -0.078
6.510 -0.024 0.562 0.066 1.209 0.058 0.650 -0.078
6.530 -0.025 0.562 0.067 1.209 0.059 0.649 -0.079
6.550 -0.025 0.563 0.067 1.209 0.059 0.649 -0.079
6.570 -0.025 0.563 0.068 1.209 0.060 0.648 -0.080
6.590 -0.026 0.563 0.068 1.209 0.060 0.648 -0.080
6.610 -0.026 0.564 0.069 1.209 0.061 0.648 -0.081
6.630 -0.027 0.564 0.069 1.209 0.062 0.647 -0.081
6.650 -0.027 0.565 0.070 1.209 0.062 0.647 -0.082
6.670 -0.027 0.565 0.070 1.209 0.063 0.646 -0.082
6.690 -0.028 0.566 0.071 1.209 0.063 0.646 -0.083
6.710 -0.028 0.566 0.071 1.209 0.064 0.645 -0.083
6.730 -0.028 0.567 0.072 1.209 0.064 0.645 -0.084
6.750 -0.029 0.567 0.072 1.209 0.065 0.644 -0.084
6.770 -0.029 0.568 0.073 1.209 0.065 0.644 -0.084
6.790 -0.029 0.568 0.073 1.209 0.066 0.643 -0.085
6.810 -0.030 0.569 0.074 1.209 0.066 0.643 -0.085
6.830 -0.030 0.569 0.074 1.209 0.067 0.642 -0.086
6.850 -0.030 0.570 0.074 1.209 0.067 0.642 -0.086
6.870 -0.031 0.570 0.075 1.209 0.067 0.641 -0.086
6.890 -0.031 0.571 0.075 1.209 0.068 0.641 -0.087
6.910 -0.031 0.571 0.076 1.209 0.068 0.640 -0.087
6.930 -0.031 0.572 0.076 1.209 0.069 0.640 -0.088
6.950 -0.032 0.573 0.076 1.209 0.069 0.639 -0.088
6.970 -0.032 0.573 0.076 1.209 0.070 0.639 -0.088
6.990 -0.032 0.574 0.077 1.209 0.070 0.638 -0.089
7.010 -0.032 0.574 0.077 1.209 0.070 0.638 -0.089
7.030 -0.033 0.575 0.077 1.209 0.071 0.637 -0.089
7.050 -0.033 0.575 0.078 1.209 0.071 0.637 -0.089
7.070 -0.033 0.576 0.078 1.209 0.071 0.636 -0.090
7.090 -0.033 0.576 0.078 1.209 0.072 0.636 -0.090
7.110 -0.033 0.577 0.078 1.209 0.072 0.635 -0.090
7.130 -0.034 0.577 0.079 1.209 0.072 0.635 -0.090
7.150 -0.034 0.578 0.079 1.209 0.073 0.634 -0.091
7.170 -0.034 0.578 0.079 1.209 0.073 0.634 -0.091
7.190 -0.034 0.579 0.079 1.209 0.073 0.633 -0.091
7.210 -0.034 0.580 0.079 1.209 0.073 0.633 -0.091
7.230 -0.034 0.580 0.079 1.209 0.074 0.632 -0.092
7.250 -0.035 0.581 0.080 1.209 0.074 0.632 -0.092
7.270 -0.035 0.581 0.080 1.209 0.074 0.631 -0.092
7.290 -0.035 0.582 0.080 1.209 0.074 0.630 -0.092
7.310 -0.035 0.582 0.080 1.209 0.075 0.630 -0.092
7.330 -0.035 0.583 0.080 1.209 0.075 0.629 -0.092
7.350 -0.035 0.583 0.080 1.209 0.075 0.629 -0.093
7.370 -0.035 0.584 0.080 1.209 0.075 0.628 -0.093
7.390 -0.035 0.585 0.080 1.209 0.075 0.628 -0.093
7.410 -0.035 0.585 0.080 1.209 0.076 0.627 -0.093
7.430 -0.035 0.586 0.080 1.209 0.076 0.627 -0.093
7.450 -0.035 0.586 0.080 1.209 0.076 0.626 -0.093
7.470 -0.035 0.587 0.080 1.209 0.076 0.625 -0.093
7.490 -0.035 0.587 0.080 1.209 0.076 0.625 -0.093
7.510 -0.035 0.588 0.080 1.209 0.076 0.624 -0.093
7.530 -0.035 0.589 0.080 1.209 0.076 0.624 -0.093
7.550 -0.035 0.589 0.080 1.209 0.076 0.623 -0.093
7.570 -0.035 0.590 0.080 1.209 0.076 0.623 -0.093
7.590 -0.035 0.590 0.080 1.209 0.076 0.622 -0.093
7.610 -0.035 0.591 0.080 1.209 0.076 0.622 -0.093
7.630 -0.035 0.591 0.080 1.209 0.076 0.621 -0.093
7.650 -0.035 0.592 0.080 1.209 0.076 0.620 -0.093
7.670 -0.035 0.592 0.080 1.209 0.076 0.620 -0.093
7.690 -0.035 0.593 0.079 1.209 0.076 0.619 -0.093
7.710 -0.035 0.594 0.079 1.209 0.076 0.619 -0.093
7.730 -0.035 0.594 0.079 1.209 0.076 0.618 -0.093
7.750 -0.035 0.595 0.079 1.209 0.076 0.618 -0.093
7.770 -0.034 0.595 0.079 1.209 0.076 0.617 -0.093
7.790 -0.034 0.596 0.078 1.209 0.076 0.617 -0.093
7.810 -0.034 0.596 0.078 1.209 0.076 0.616 -0.093
7.830 -0.034 0.597 0.078 1.209 0.076 0.615 -0.093
7.850 -0.034 0.597 0.078 1.209 0.076 0.615 -0.093
7.870 -0.034 0.598 0.078 1.209 0.076 0.614 -0.092
7.890 -0.033 0.598 0.077 1.209 0.076 0.614 -0.092
7.910 -0.033 0.599 0.077 1.209 0.075 0.613 -0.092
7.930 -0.033 0.600 0.077 1.209 0.075 0.613 -0.092
7.950 -0.033 0.600 0.076 1.209 0.075 0.612 -0.092
7.970 -0.033 0.601 0.076 1.209 0.075 0.612 -0.092
7.990 -0.032 0.601 0.076 1.209 0.075 0.611 -0.092
8.010 -0.032 0.602 0.075 1.209 0.075 0.610 -0.091
8.030 -0.032 0.602 0.075 1.209 0.074 0.610 -0.091
8.050 -0.032 0.603 0.075 1.209 0.074 0.609 -0.091
8.070 -0.031 0.603 0.074 1.209 0.074 0.609 -0.091
8.090 -0.031 0.604 0.074 1.209 0.074 0.608 -0.090
8.110 -0.031 0.604 0.074 1.209 0.073 0.608 -0.090
8.130 -0.030 0.605 0.073 1.209 0.073 0.607 -0.090
8.150 -0.030 0.605 0.073 1.209 0.073 0.607 -0.090
8.170 -0.030 0.606 0.072 1.209 0.072 0.606 -0.089
8.190 -0.029 0.606 0.072 1.209 0.072 0.606 -0.089
8.210 -0.029 0.607 0.072 1.209 0.072 0.605 -0.089
8.230 -0.029 0.607 0.071 1.209 0.071 0.605 -0.089
8.250 -0.028 0.608 0.071 1.209 0.071 0.604 -0.088
8.270 -0.028 0.608 0.070 1.209 0.071 0.604 -0.088
8.290 -0.027 0.609 0.070 1.209 0.070 0.603 -0.088
8.310 -0.027 0.609 0.069 1.209 0.070 0.602 -0.087
8.330 -0.027 0.610 0.069 1.209 0.070 0.602 -0.087
8.350 -0.026 0.610 0.068 1.209 0.069 0.601 -0.087
8.370 -0.026 0.611 0.068 1.209 0.069 0.601 -0.086
8.390 -0.025 0.611 0.067 1.209 0.068 0.600 -0.086
8.410 -0.025 0.612 0.067 1.209 0.068 0.600 -0.086
8.430 -0.024 0.612 0.066 1.209 0.067 0.599 -0.085
8.450 -0.024 0.613 0.066 1.209 0.067 0.599 -0.085
8.470 -0.023 0.613 0.065 1.209 0.066 0.598 -0.085
8.490 -0.023 0.613 0.064 1.209 0.066 0.598 -0.084
8.510 -0.022 0.614 0.064 1.209 0.065 0.598 -0.084
8.530 -0.022 0.614 0.063 1.209 0.065 0.597 -0.083
8.550 -0.021 0.615 0.063 1.209 0.064 0.597 -0.083
8.570 -0.021 0.615 0.062 1.209 0.064 0.596 -0.083
8.590 -0.020 0.616 0.061 1.209 0.063 0.596 -0.082
8.610 -0.020 0.616 0.061 1.209 0.063 0.595 -0.082
8.630 -0.019 0.616 0.060 1.209 0.062 0.595 -0.081
8.650 -0.019 0.617 0.060 1.209 0.061 0.594 -0.081
8.670 -0.018 0.617 0.059 1.209 0.061 0.594 -0.080
8.690 -0.017 0.618 0.058 1.209 0.060 0.593 -0.080
8.710 -0.017 0.618 0.058 1.209 0.060 0.593 -0.080
8.730 -0.016 0.619 0.057 1.209 0.059 0.593 -0.079
8.750 -0.016 0.619 0.056 1.209 0.058 0.592 -0.079
8.770 -0.015 0.619 0.056 1.209 0.058 0.592 -0.078
8.790 -0.014 0.620 0.055 1.209 0.057 0.591 -0.078
8.810 -0.014 0.620 0.054 1.209 0.056 0.591 -0.077
8.830 -0.013 0.620 0.053 1.209 0.056 0.590 -0.077
8.850 -0.012 0.621 0.053 1.209 0.055 0.590 -0.076
8.870 -0.012 0.621 0.052 1.209 0.054 0.590 -0.076
8.890 -0.011 0.622 0.051 1.209 0.054 0.589 -0.075
8.910 -0.010 0.622 0.050 1.209 0.053 0.589 -0.075
8.930 -0.010 0.622 0.050 1.209 0.052 0.588 -0.074
8.950 -0.009 0.623 0.049 1.209 0.051 0.588 -0.074
8.970 -0.008 0.623 0.048 1.209 0.051 0.588 -0.073
8.990 -0.008 0.623 0.047 1.209 0.050 0.587 -0.073
9.010 -0.007 0.624 0.047 1.209 0.049 0.587 -0.072
9.030 -0.006 0.624 0.046 1.209 0.048 0.587 -0.071
9.050 -0.005 0.624 0.045 1.209 0.048 0.586 -0.071
9.070 -0.005 0.625 0.044 1.209 0.047 0.586 -0.070
9.090 -0.004 0.625 0.044 1.209 0.046 0.586 -0.070
9.110 -0.003 0.625 0.043 1.209 0.045 0.585 -0.069
9.130 -0.002 0.625 0.042 1.209 0.044 0.585 -0.069
9.150 -0.002 0.626 0.041 1.209 0.044 0.585 -0.068
9.170 -0.001 0.626 0.040 1.209 0.043 0.584 -0.067
9.190 -0.000 0.626 0.040 1.209 0.042 0.584 -0.067
9.210 0.001 0.627 0.039 1.209 0.041 0.584 -0.066
9.230 0.001 0.627 0.038 1.209 0.040 0.583 -0.066
9.250 0.002 0.627 0.037 1.209 0.039 0.583 -0.065
9.270 0.003 0.627 0.036 1.209 0.039 0.583 -0.065
9.290 0.004 0.628 0.035 1.209 0.038 0.583 -0.064
9.310 0.005 0.628 0.034 1.209 0.037 0.582 -0.063
9.330 0.005 0.628 0.034 1.209 0.036 0.582 -0.063
9.350 0.006 0.628 0.033 1.209 0.035 0.582 -0.062
9.370 0.007 0.628 0.032 1.209 0.034 0.582 -0.061
9.390 0.008 0.629 0.031 1.209 0.033 0.581 -0.061
9.410 0.009 0.629 0.030 1.209 0.032 0.581 -0.060
9.430 0.010 0.629 0.029 1.209 0.031 0.581 -0.060
9.450 0.010 0.629 0.028 1.209 0.031 0.581 -0.059
9.470 0.011 0.629 0.028 1.209 0.030 0.580 -0.058
9.490 0.012 0.630 0.027 1.209 0.029 0.580 -0.058
9.510 0.013 0.630 0.026 1.209 0.028 0.580 -0.057
9.530 0.014 0.630 0.025 1.209 0.027 0.580 -0.056
9.550 0.015 0.630 0.024 1.209 0.026 0.580 -0.056
9.570 0.016 0.630 0.023 1.209 0.025 0.579 -0.055
9.590 0.017 0.631 0.022 1.209 0.024 0.579 -0.054
9.610 0.017 0.631 0.021 1.209 0.023 0.579 -0.054
9.630 0.018 0.631 0.020 1.209 0.022 0.579 -0.053
9.650 0.019 0.631 0.019 1.209 0.021 0.579 -0.053
9.670 0.020 0.631 0.019 1.209 0.020 0.579 -0.052
9.690 0.021 0.631 0.018 1.209 0.019 0.578 -0.051
9.710 0.022 0.631 0.017 1.209 0.018 0.578 -0.051
9.730 0.023 0.631 0.016 1.209 0.017 0.578 -0.050
9.750 0.024 0.632 0.015 1.209 0.016 0.578 -0.049
9.770 0.025 0.632 0.014 1.209 0.015 0.578 -0.049
9.790 0.026 0.632 0.013 1.209 0.014 0.578 -0.048
9.810 0.026 0.632 0.012 1.209 0.013 0.578 -0.047
9.830 0.027 0.632 0.011 1.209 0.012 0.578 -0.047
9.850 0.028 0.632 0.010 1.209 0.011 0.578 -0.046
9.870 0.029 0.632 0.009 1.209 0.010 0.577 -0.045
9.890 0.030 0.632 0.008 1.209 0.009 0.577 -0.045
9.910 0.031 0.632 0.008 1.209 0.008 0.577 -0.044
9.930 0.032 0.632 0.006 1.209 0.007 0.577 -0.043
9.950 0.033 0.632 0.005 1.209 0.006 0.577 -0.042
9.970 0.034 0.632 0.004 1.209 0.004 0.577 -0.041
9.990 0.035 0.632 0.003 1.209 0.003 0.577 -0.041
10.010 0.036 0.632 0.003 1.209 0.003 0.577 -0.041
10.020 0.036 0.632 0.003 1.209 0.003 0.577 -0.041
