0.000 -0.000 0.653 0.000 1.206 0.000 0.553 0.000
0.010 -0.000 0.653 0.000 1.206 0.000 0.553 0.000
0.030 0.001 0.653 -0.000 1.206 -0.001 0.553 0.000
0.050 0.002 0.653 -0.002 1.206 -0.002 0.553 0.001
0.070 0.004 0.653 -0.003 1.206 -0.004 0.553 0.002
0.090 0.006 0.653 -0.005 1.206 -0.006 0.553 0.003
0.110 0.007 0.653 -0.007 1.206 -0.008 0.553 0.005
0.130 0.009 0.653 -0.008 1.206 -0.009 0.553 0.005
0.150 0.010 0.653 -0.009 1.206 -0.011 0.553 0.006
0.170 0.012 0.653 -0.011 1.206 -0.012 0.553 0.007
0.190 0.013 0.652 -0.012 1.206 -0.014 0.554 0.008
0.210 0.015 0.652 -0.013 1.206 -0.015 0.554 0.009
0.230 0.016 0.652 -0.015 1.206 -0.017 0.554 0.010
0.250 0.018 0.652 -0.016 1.206 -0.018 0.554 0.011
0.270 0.019 0.652 -0.017 1.206 -0.020 0.554 0.012
0.290 0.021 0.652 -0.019 1.206 -0.021 0.554 0.013
0.310 0.022 0.652 -0.020 1.206 -0.023 0.554 0.013
0.330 0.023 0.652 -0.021 1.206 -0.025 0.554 0.014
0.350 0.025 0.652 -0.023 1.206 -0.026 0.555 0.015
0.370 0.026 0.651 -0.024 1.206 -0.028 0.555 0.016
0.390 0.028 0.651 -0.025 1.206 -0.029 0.555 0.017
0.410 0.029 0.651 -0.027 1.206 -0.031 0.555 0.018
0.430 0.031 0.651 -0.028 1.206 -0.032 0.555 0.019
0.450 0.032 0.651 -0.029 1.206 -0.033 0.556 0.020
0.470 0.033 0.650 -0.030 1.206 -0.035 0.556 0.021
0.490 0.035 0.650 -0.032 1.206 -0.036 0.556 0.021
0.510 0.036 0.650 -0.033 1.206 -0.038 0.556 0.022
0.530 0.038 0.650 -0.034 1.206 -0.039 0.557 0.023
0.550 0.039 0.650 -0.036 1.206 -0.041 0.557 0.024
0.570 0.040 0.649 -0.037 1.206 -0.042 0.557 0.025
0.590 0.042 0.649 -0.038 1.206 -0.044 0.558 0.026
0.610 0.043 0.649 -0.039 1.206 -0.045 0.558 0.027
0.630 0.044 0.649 -0.041 1.206 -0.046 0.558 0.027
0.650 0.046 0.648 -0.042 1.206 -0.048 0.559 0.028
0.670 0.047 0.648 -0.043 1.206 -0.049 0.559 0.029
0.690 0.049 0.648 -0.045 1.206 -0.051 0.559 0.030
0.710 0.050 0.647 -0.046 1.206 -0.052 0.560 0.031
0.730 0.051 0.647 -0.047 1.206 -0.053 0.560 0.032
0.750 0.052 0.647 -0.048 1.206 -0.055 0.560 0.032
0.770 0.054 0.646 -0.050 1.206 -0.056 0.561 0.033
0.790 0.055 0.646 -0.051 1.206 -0.057 0.561 0.034
0.810 0.056 0.646 -0.052 1.206 -0.059 0.562 0.035
0.830 0.058 0.645 -0.053 1.206 -0.060 0.562 0.036
0.850 0.059 0.645 -0.054 1.206 -0.061 0.562 0.037
0.870 0.060 0.645 -0.056 1.206 -0.063 0.563 0.037
0.890 0.061 0.644 -0.057 1.206 -0.064 0.563 0.038
0.910 0.063 0.644 -0.058 1.206 -0.065 0.564 0.039
0.930 0.064 0.643 -0.059 1.206 -0.066 0.564 0.040
0.950 0.065 0.643 -0.060 1.206 -0.068 0.565 0.041
0.970 0.066 0.643 -0.062 1.206 -0.069 0.565 0.041
0.990 0.068 0.642 -0.063 1.206 -0.070 0.566 0.042
1.010 0.069 0.642 -0.064 1.206 -0.071 0.566 0.043
1.030 0.070 0.641 -0.065 1.206 -0.073 0.567 0.044
1.050 0.071 0.641 -0.066 1.206 -0.074 0.567 0.044
1.070 0.072 0.640 -0.067 1.206 -0.075 0.568 0.045
1.090 0.073 0.640 -0.069 1.206 -0.076 0.568 0.046
1.110 0.074 0.639 -0.070 1.206 -0.077 0.569 0.047
1.130 0.076 0.639 -0.071 1.206 -0.078 0.570 0.047
1.150 0.077 0.638 -0.072 1.206 -0.079 0.570 0.048
1.170 0.078 0.638 -0.073 1.206 -0.081 0.571 0.049
1.190 0.079 0.637 -0.074 1.206 -0.082 0.571 0.049
1.210 0.080 0.637 -0.075 1.206 -0.083 0.572 0.050
1.230 0.081 0.636 -0.076 1.206 -0.084 0.572 0.051
1.250 0.082 0.636 -0.077 1.206 -0.085 0.573 0.052
1.270 0.083 0.635 -0.078 1.206 -0.086 0.574 0.052
1.290 0.084 0.635 -0.080 1.206 -0.087 0.574 0.053
1.310 0.085 0.634 -0.081 1.206 -0.088 0.575 0.054
1.330 0.086 0.634 -0.082 1.206 -0.089 0.576 0.054
1.350 0.087 0.633 -0.083 1.206 -0.090 0.576 0.055
1.370 0.088 0.633 -0.084 1.206 -0.091 0.577 0.055
1.390 0.089 0.632 -0.085 1.206 -0.092 0.578 0.056
1.410 0.090 0.631 -0.086 1.206 -0.093 0.578 0.057
1.430 0.091 0.631 -0.087 1.206 -0.093 0.579 0.057
1.450 0.092 0.630 -0.088 1.206 -0.094 0.580 0.058
1.470 0.093 0.630 -0.089 1.206 -0.095 0.580 0.059
1.490 0.094 0.629 -0.090 1.206 -0.096 0.581 0.059
1.510 0.094 0.628 -0.090 1.206 -0.097 0.582 0.060
1.530 0.095 0.628 -0.091 1.206 -0.098 0.582 0.060
1.550 0.096 0.627 -0.092 1.206 -0.098 0.583 0.061
1.570 0.097 0.627 -0.093 1.206 -0.099 0.584 0.061
1.590 0.098 0.626 -0.094 1.206 -0.100 0.584 0.062
1.610 0.099 0.625 -0.095 1.206 -0.101 0.585 0.063
1.630 0.099 0.625 -0.096 1.206 -0.101 0.586 0.063
1.650 0.100 0.624 -0.097 1.206 -0.102 0.587 0.064
1.670 0.101 0.623 -0.098 1.206 -0.103 0.587 0.064
1.690 0.102 0.623 -0.098 1.206 -0.103 0.588 0.065
1.710 0.102 0.622 -0.099 1.206 -0.104 0.589 0.065
1.730 0.103 0.621 -0.100 1.206 -0.105 0.590 0.066
1.750 0.104 0.620 -0.101 1.206 -0.105 0.590 0.066
1.770 0.104 0.620 -0.102 1.206 -0.106 0.591 0.066
1.790 0.105 0.619 -0.102 1.206 -0.106 0.592 0.067
1.810 0.106 0.618 -0.103 1.206 -0.107 0.593 0.067
1.830 0.106 0.618 -0.104 1.206 -0.108 0.594 0.068
1.850 0.107 0.617 -0.105 1.206 -0.108 0.594 0.068
1.870 0.108 0.616 -0.105 1.206 -0.109 0.595 0.069
1.890 0.108 0.615 -0.106 1.206 -0.109 0.596 0.069
1.910 0.109 0.615 -0.107 1.206 -0.110 0.597 0.069
1.930 0.109 0.614 -0.107 1.206 -0.110 0.597 0.070
1.950 0.110 0.613 -0.108 1.206 -0.110 0.598 0.070
1.970 0.110 0.612 -0.109 1.206 -0.111 0.599 0.070
1.990 0.111 0.612 -0.109 1.206 -0.111 0.600 0.071
2.010 0.111 0.611 -0.110 1.206 -0.112 0.601 0.071
2.030 0.112 0.610 -0.111 1.206 -0.112 0.602 0.071
2.050 0.112 0.609 -0.111 1.206 -0.112 0.602 0.072
2.070 0.113 0.609 -0.112 1.206 -0.113 0.603 0.072
2.090 0.113 0.608 -0.112 1.206 -0.113 0.604 0.072
2.110 0.113 0.607 -0.113 1.206 -0.113 0.605 0.072
2.130 0.114 0.606 -0.113 1.206 -0.113 0.606 0.073
2.150 0.114 0.605 -0.114 1.206 -0.114 0.606 0.073
2.170 0.115 0.605 -0.114 1.206 -0.114 0.607 0.073
2.190 0.115 0.604 -0.115 1.206 -0.114 0.608 0.073
2.210 0.115 0.603 -0.115 1.206 -0.114 0.609 0.074
2.230 0.116 0.602 -0.116 1.206 -0.114 0.610 0.074
2.250 0.116 0.601 -0.116 1.206 -0.114 0.611 0.074
2.270 0.116 0.601 -0.116 1.206 -0.115 0.612 0.074
2.290 0.116 0.600 -0.117 1.206 -0.115 0.612 0.074
2.310 0.117 0.599 -0.117 1.206 -0.115 0.613 0.074
2.330 0.117 0.598 -0.118 1.206 -0.115 0.614 0.074
2.350 0.117 0.597 -0.118 1.206 -0.115 0.615 0.074
2.370 0.117 0.597 -0.118 1.206 -0.115 0.616 0.075
2.390 0.118 0.596 -0.118 1.206 -0.115 0.617 0.075
2.410 0.118 0.595 -0.119 1.206 -0.115 0.617 0.075
2.430 0.118 0.594 -0.119 1.206 -0.115 0.618 0.075
2.450 0.118 0.593 -0.119 1.206 -0.115 0.619 0.075
2.470 0.118 0.592 -0.119 1.206 -0.115 0.620 0.075
2.490 0.118 0.592 -0.120 1.206 -0.115 0.621 0.075
2.510 0.118 0.591 -0.120 1.206 -0.115 0.622 0.075
2.530 0.118 0.590 -0.120 1.206 -0.115 0.622 0.075
2.550 0.118 0.589 -0.120 1.206 -0.114 0.623 0.075
2.570 0.119 0.588 -0.120 1.206 -0.114 0.624 0.075
2.590 0.119 0.587 -0.120 1.206 -0.114 0.625 0.074
2.610 0.119 0.587 -0.121 1.206 -0.114 0.626 0.074
2.630 0.119 0.586 -0.121 1.206 -0.114 0.627 0.074
2.650 0.119 0.585 -0.121 1.206 -0.113 0.627 0.074
2.670 0.119 0.584 -0.121 1.206 -0.113 0.628 0.074
2.690 0.119 0.583 -0.121 1.206 -0.113 0.629 0.074
2.710 0.118 0.582 -0.121 1.206 -0.113 0.630 0.074
2.730 0.118 0.581 -0.121 1.206 -0.112 0.631 0.073
2.750 0.118 0.581 -0.121 1.206 -0.112 0.632 0.073
2.770 0.118 0.580 -0.121 1.206 -0.112 0.632 0.073
2.790 0.118 0.579 -0.121 1.206 -0.111 0.633 0.073
2.810 0.118 0.578 -0.120 1.206 -0.111 0.634 0.073
2.830 0.118 0.577 -0.120 1.206 -0.111 0.635 0.072
2.850 0.118 0.576 -0.120 1.206 -0.110 0.636 0.072
2.870 0.118 0.576 -0.120 1.206 -0.110 0.636 0.072
2.890 0.117 0.575 -0.120 1.206 -0.109 0.637 0.071
2.910 0.117 0.574 -0.120 1.206 -0.109 0.638 0.071
2.930 0.117 0.573 -0.119 1.206 -0.109 0.639 0.071
2.950 0.117 0.572 -0.119 1.206 -0.108 0.640 0.070
2.970 0.117 0.571 -0.119 1.206 -0.108 0.640 0.070
2.990 0.116 0.571 -0.119 1.206 -0.107 0.641 0.070
3.010 0.116 0.570 -0.118 1.206 -0.107 0.642 0.069
3.030 0.116 0.569 -0.118 1.206 -0.106 0.643 0.069
3.050 0.115 0.568 -0.118 1.206 -0.105 0.644 0.068
3.070 0.115 0.567 -0.117 1.206 -0.105 0.644 0.068
3.090 0.115 0.567 -0.117 1.206 -0.104 0.645 0.067
3.110 0.115 0.566 -0.117 1.206 -0.104 0.646 0.067
3.130 0.114 0.565 -0.116 1.206 -0.103 0.647 0.066
3.150 0.114 0.564 -0.116 1.206 -0.103 0.647 0.066
3.170 0.113 0.563 -0.115 1.206 -0.102 0.648 0.065
3.190 0.113 0.562 -0.115 1.206 -0.101 0.649 0.065
3.210 0.113 0.562 -0.114 1.206 -0.101 0.650 0.064
3.230 0.112 0.561 -0.114 1.206 -0.100 0.650 0.064
3.250 0.112 0.560 -0.113 1.206 -0.099 0.651 0.063
3.270 0.112 0.559 -0.113 1.206 -0.099 0.652 0.063
3.290 0.111 0.559 -0.112 1.206 -0.098 0.652 0.062
3.310 0.111 0.558 -0.112 1.206 -0.097 0.653 0.061
3.330 0.110 0.557 -0.111 1.206 -0.096 0.654 0.061
3.350 0.110 0.556 -0.110 1.206 -0.096 0.655 0.060
3.370 0.109 0.555 -0.110 1.206 -0.095 0.655 0.059
3.390 0.109 0.555 -0.109 1.206 -0.094 0.656 0.059
3.410 0.108 0.554 -0.108 1.206 -0.093 0.657 0.058
3.430 0.108 0.553 -0.108 1.206 -0.092 0.657 0.057
3.450 0.107 0.553 -0.107 1.206 -0.092 0.658 0.056
3.470 0.107 0.552 -0.106 1.206 -0.091 0.659 0.056
3.490 0.106 0.551 -0.105 1.206 -0.090 0.659 0.055
3.510 0.106 0.550 -0.105 1.206 -0.089 0.660 0.054
3.530 0.105 0.550 -0.104 1.206 -0.088 0.661 0.053
3.550 0.105 0.549 -0.103 1.206 -0.087 0.661 0.052
3.570 0.104 0.548 -0.102 1.206 -0.087 0.662 0.052
3.590 0.103 0.547 -0.101 1.206 -0.086 0.662 0.051
3.610 0.103 0.547 -0.100 1.206 -0.085 0.663 0.050
3.630 0.102 0.546 -0.099 1.206 -0.084 0.664 0.049
3.650 0.102 0.545 -0.099 1.206 -0.083 0.664 0.048
3.670 0.101 0.545 -0.098 1.206 -0.082 0.665 0.047
3.690 0.100 0.544 -0.097 1.206 -0.081 0.665 0.046
3.710 0.100 0.543 -0.096 1.206 -0.080 0.666 0.045
3.730 0.099 0.543 -0.095 1.206 -0.079 0.667 0.044
3.750 0.098 0.542 -0.094 1.206 -0.078 0.667 0.043
3.770 0.098 0.542 -0.093 1.206 -0.077 0.668 0.042
3.790 0.097 0.541 -0.092 1.206 -0.076 0.668 0.041
3.810 0.096 0.540 -0.091 1.206 -0.075 0.669 0.040
3.830 0.096 0.540 -0.090 1.206 -0.074 0.669 0.039
3.850 0.095 0.539 -0.088 1.206 -0.073 0.670 0.038
3.870 0.094 0.538 -0.087 1.206 -0.072 0.670 0.037
3.890 0.094 0.538 -0.086 1.206 -0.071 0.671 0.036
3.910 0.093 0.537 -0.085 1.206 -0.070 0.671 0.035
3.930 0.092 0.537 -0.084 1.206 -0.069 0.672 0.034
3.950 0.091 0.536 -0.083 1.206 -0.068 0.672 0.033
3.970 0.091 0.536 -0.082 1.206 -0.067 0.673 0.032
3.990 0.090 0.535 -0.080 1.206 -0.066 0.673 0.031
4.010 0.089 0.534 -0.079 1.206 -0.065 0.674 0.030
4.030 0.089 0.534 -0.078 1.206 -0.064 0.674 0.028
4.050 0.088 0.533 -0.077 1.206 -0.063 0.675 0.027
4.070 0.087 0.533 -0.076 1.206 -0.061 0.675 0.026
4.090 0.086 0.532 -0.074 1.206 -0.060 0.676 0.025
4.110 0.085 0.532 -0.073 1.206 -0.059 0.676 0.024
4.130 0.085 0.531 -0.072 1.206 -0.058 0.676 0.023
4.150 0.084 0.531 -0.070 1.206 -0.057 0.677 0.021
4.170 0.083 0.530 -0.069 1.206 -0.056 0.677 0.020
4.190 0.082 0.530 -0.068 1.206 -0.055 0.678 0.019
4.210 0.081 0.530 -0.066 1.206 -0.054 0.678 0.018
4.230 0.081 0.529 -0.065 1.206 -0.052 0.678 0.016
4.250 0.080 0.529 -0.064 1.206 -0.051 0.679 0.015
4.270 0.079 0.528 -0.062 1.206 -0.050 0.679 0.014
4.290 0.078 0.528 -0.061 1.206 -0.049 0.680 0.012
4.310 0.077 0.527 -0.060 1.206 -0.048 0.680 0.011
4.330 0.077 0.527 -0.058 1.206 -0.047 0.680 0.010
4.350 0.076 0.527 -0.057 1.206 -0.045 0.681 0.009
4.370 0.075 0.526 -0.055 1.206 -0.044 0.681 0.007
4.390 0.074 0.526 -0.054 1.206 -0.043 0.681 0.006
4.410 0.073 0.525 -0.052 1.206 -0.042 0.681 0.005
4.430 0.072 0.525 -0.051 1.206 -0.041 0.682 0.003
4.450 0.072 0.525 -0.049 1.206 -0.039 0.682 0.002
4.470 0.071 0.524 -0.048 1.206 -0.038 0.682 0.001
4.490 0.070 0.524 -0.047 1.206 -0.037 0.683 -0.001
4.510 0.069 0.524 -0.045 1.206 -0.036 0.683 -0.002
4.530 0.068 0.524 -0.044 1.206 -0.034 0.683 -0.004
4.550 0.067 0.523 -0.042 1.206 -0.033 0.683 -0.005
4.570 0.066 0.523 -0.040 1.206 -0.032 0.684 -0.006
4.590 0.065 0.523 -0.039 1.206 -0.031 0.684 -0.008
4.610 0.065 0.522 -0.037 1.206 -0.030 0.684 -0.009
4.630 0.064 0.522 -0.036 1.206 -0.028 0.684 -0.011
4.650 0.063 0.522 -0.034 1.206 -0.027 0.684 -0.012
4.670 0.062 0.522 -0.033 1.206 -0.026 0.685 -0.013
4.690 0.061 0.522 -0.031 1.206 -0.025 0.685 -0.015
4.710 0.060 0.521 -0.030 1.206 -0.023 0.685 -0.016
4.730 0.059 0.521 -0.028 1.206 -0.022 0.685 -0.018
4.750 0.058 0.521 -0.026 1.206 -0.021 0.685 -0.019
4.770 0.057 0.521 -0.025 1.206 -0.020 0.685 -0.021
4.790 0.057 0.521 -0.023 1.206 -0.018 0.685 -0.022
4.810 0.056 0.520 -0.022 1.206 -0.017 0.686 -0.024
4.830 0.055 0.520 -0.020 1.206 -0.016 0.686 -0.025
4.850 0.054 0.520 -0.019 1.206 -0.015 0.686 -0.027
4.870 0.053 0.520 -0.017 1.206 -0.013 0.686 -0.028
4.890 0.052 0.520 -0.015 1.206 -0.012 0.686 -0.029
4.910 0.051 0.520 -0.014 1.206 -0.011 0.686 -0.031
4.930 0.050 0.520 -0.012 1.206 -0.009 0.686 -0.032
4.950 0.049 0.520 -0.010 1.206 -0.008 0.686 -0.034
4.970 0.048 0.520 -0.009 1.206 -0.007 0.686 -0.035
4.990 0.048 0.520 -0.007 1.206 -0.006 0.686 -0.037
5.010 0.047 0.520 -0.006 1.206 -0.004 0.686 -0.038
5.030 0.046 0.520 -0.004 1.206 -0.003 0.686 -0.040
5.050 0.045 0.520 -0.002 1.206 -0.002 0.686 -0.041
5.070 0.044 0.520 -0.001 1.206 -0.001 0.686 -0.043
5.090 0.043 0.520 0.001 1.206 0.001 0.686 -0.044
5.110 0.042 0.520 0.002 1.206 0.002 0.686 -0.046
5.130 0.041 0.520 0.004 1.206 0.003 0.686 -0.047
5.150 0.040 0.520 0.006 1.206 0.004 0.686 -0.049
5.170 0.039 0.520 0.007 1.206 0.006 0.686 -0.050
5.190 0.038 0.520 0.009 1.206 0.007 0.686 -0.052
5.210 0.038 0.520 0.011 1.206 0.008 0.686 -0.053
5.230 0.037 0.520 0.012 1.206 0.010 0.686 -0.055
5.250 0.036 0.520 0.014 1.206 0.011 0.686 -0.056
5.270 0.035 0.520 0.015 1.206 0.012 0.686 -0.058
5.290 0.034 0.520 0.017 1.206 0.013 0.686 -0.059
5.310 0.033 0.520 0.019 1.206 0.015 0.686 -0.061
5.330 0.032 0.520 0.020 1.206 0.016 0.686 -0.062
5.350 0.031 0.520 0.022 1.206 0.017 0.686 -0.064
5.370 0.030 0.521 0.023 1.206 0.018 0.685 -0.065
5.390 0.030 0.521 0.025 1.206 0.020 0.685 -0.066
5.410 0.029 0.521 0.027 1.206 0.021 0.685 -0.068
5.430 0.028 0.521 0.028 1.206 0.022 0.685 -0.069
5.450 0.027 0.521 0.030 1.206 0.023 0.685 -0.071
5.470 0.026 0.522 0.031 1.206 0.025 0.685 -0.072
5.490 0.025 0.522 0.033 1.206 0.026 0.685 -0.074
5.510 0.024 0.522 0.034 1.206 0.027 0.684 -0.075
5.530 0.023 0.522 0.036 1.206 0.028 0.684 -0.077
5.550 0.022 0.522 0.038 1.206 0.030 0.684 -0.078
5.570 0.022 0.523 0.039 1.206 0.031 0.684 -0.079
5.590 0.021 0.523 0.041 1.206 0.032 0.684 -0.081
5.610 0.020 0.523 0.042 1.206 0.033 0.683 -0.082
5.630 0.019 0.524 0.044 1.206 0.035 0.683 -0.084
5.650 0.018 0.524 0.045 1.206 0.036 0.683 -0.085
5.670 0.017 0.524 0.047 1.206 0.037 0.683 -0.086
5.690 0.016 0.524 0.048 1.206 0.038 0.682 -0.088
5.710 0.016 0.525 0.050 1.206 0.039 0.682 -0.089
5.730 0.015 0.525 0.051 1.206 0.041 0.682 -0.090
5.750 0.014 0.526 0.053 1.206 0.042 0.681 -0.092
5.770 0.013 0.526 0.054 1.206 0.043 0.681 -0.093
5.790 0.012 0.526 0.055 1.206 0.044 0.681 -0.094
5.810 0.011 0.527 0.057 1.206 0.045 0.680 -0.096
5.830 0.010 0.527 0.058 1.206 0.047 0.680 -0.097
5.850 0.010 0.527 0.060 1.206 0.048 0.680 -0.098
5.870 0.009 0.528 0.061 1.206 0.049 0.679 -0.100
5.890 0.008 0.528 0.062 1.206 0.050 0.679 -0.101
5.910 0.007 0.529 0.064 1.206 0.051 0.679 -0.102
5.930 0.006 0.529 0.065 1.206 0.052 0.678 -0.104
5.950 0.006 0.530 0.067 1.206 0.054 0.678 -0.105
5.970 0.005 0.530 0.068 1.206 0.055 0.678 -0.106
5.990 0.004 0.530 0.069 1.206 0.056 0.677 -0.107
6.010 0.003 0.531 0.071 1.206 0.057 0.677 -0.109
6.030 0.002 0.531 0.072 1.206 0.058 0.676 -0.110
6.050 0.002 0.532 0.073 1.206 0.059 0.676 -0.111
6.070 0.001 0.532 0.074 1.206 0.060 0.676 -0.112
6.090 0.000 0.533 0.076 1.206 0.061 0.675 -0.113
6.110 -0.001 0.533 0.077 1.206 0.063 0.675 -0.115
6.130 -0.001 0.534 0.078 1.206 0.064 0.674 -0.116
6.150 -0.002 0.534 0.079 1.206 0.065 0.674 -0.117
6.170 -0.003 0.535 0.081 1.206 0.066 0.673 -0.118
6.190 -0.004 0.536 0.082 1.206 0.067 0.673 -0.119
6.210 -0.004 0.536 0.083 1.206 0.068 0.672 -0.120
6.230 -0.005 0.537 0.084 1.206 0.069 0.672 -0.121
6.250 -0.006 0.537 0.085 1.206 0.070 0.671 -0.122
6.270 -0.006 0.538 0.086 1.206 0.071 0.671 -0.124
6.290 -0.007 0.538 0.087 1.206 0.072 0.670 -0.125
6.310 -0.008 0.539 0.089 1.206 0.073 0.670 -0.126
6.330 -0.009 0.540 0.090 1.206 0.074 0.669 -0.127
6.350 -0.009 0.540 0.091 1.206 0.075 0.669 -0.128
6.370 -0.010 0.541 0.092 1.206 0.076 0.668 -0.129
6.390 -0.011 0.542 0.093 1.206 0.077 0.668 -0.130
6.410 -0.011 0.542 0.094 1.206 0.078 0.667 -0.131
6.430 -0.012 0.543 0.095 1.206 0.079 0.667 -0.132
6.450 -0.012 0.543 0.096 1.206 0.080 0.666 -0.133
6.470 -0.013 0.544 0.097 1.206 0.081 0.665 -0.134
6.490 -0.014 0.545 0.098 1.206 0.082 0.665 -0.134
6.510 -0.014 0.545 0.099 1.206 0.083 0.664 -0.135
6.530 -0.015 0.546 0.100 1.206 0.084 0.664 -0.136
6.550 -0.016 0.547 0.100 1.206 0.085 0.663 -0.137
6.570 -0.016 0.548 0.101 1.206 0.086 0.662 -0.138
6.590 -0.017 0.548 0.102 1.206 0.087 0.662 -0.139
6.610 -0.017 0.549 0.103 1.206 0.087 0.661 -0.140
6.630 -0.018 0.550 0.104 1.206 0.088 0.661 -0.141
6.650 -0.018 0.550 0.105 1.206 0.089 0.660 -0.141
6.670 -0.019 0.551 0.105 1.206 0.090 0.659 -0.142
6.690 -0.019 0.552 0.106 1.206 0.091 0.659 -0.143
6.710 -0.020 0.553 0.107 1.206 0.092 0.658 -0.144
6.730 -0.020 0.553 0.108 1.206 0.092 0.657 -0.145
6.750 -0.021 0.554 0.108 1.206 0.093 0.657 -0.145
6.770 -0.021 0.555 0.109 1.206 0.094 0.656 -0.146
6.790 -0.022 0.556 0.110 1.206 0.095 0.655 -0.147
6.810 -0.022 0.556 0.110 1.206 0.096 0.655 -0.147
6.830 -0.023 0.557 0.111 1.206 0.096 0.654 -0.148
6.850 -0.023 0.558 0.112 1.206 0.097 0.653 -0.149
6.870 -0.024 0.559 0.112 1.206 0.098 0.652 -0.149
6.890 -0.024 0.559 0.113 1.206 0.099 0.652 -0.150
6.910 -0.025 0.560 0.113 1.206 0.099 0.651 -0.151
6.930 -0.025 0.561 0.114 1.206 0.100 0.650 -0.151
6.950 -0.025 0.562 0.114 1.206 0.101 0.650 -0.152
6.970 -0.026 0.563 0.115 1.206 0.101 0.649 -0.152
6.990 -0.026 0.563 0.115 1.206 0.102 0.648 -0.153
7.010 -0.026 0.564 0.116 1.206 0.103 0.647 -0.153
7.030 -0.027 0.565 0.116 1.206 0.103 0.647 -0.154
7.050 -0.027 0.566 0.117 1.206 0.104 0.646 -0.154
7.070 -0.027 0.567 0.117 1.206 0.104 0.645 -0.155
7.090 -0.028 0.567 0.117 1.206 0.105 0.644 -0.155
7.110 -0.028 0.568 0.118 1.206 0.106 0.644 -0.156
7.130 -0.028 0.569 0.118 1.206 0.106 0.643 -0.156
7.150 -0.029 0.570 0.118 1.206 0.107 0.642 -0.157
7.170 -0.029 0.571 0.119 1.206 0.107 0.641 -0.157
7.190 -0.029 0.571 0.119 1.206 0.108 0.640 -0.158
7.210 -0.029 0.572 0.119 1.206 0.108 0.640 -0.158
7.230 -0.030 0.573 0.119 1.206 0.109 0.639 -0.158
7.250 -0.030 0.574 0.120 1.206 0.109 0.638 -0.159
7.270 -0.030 0.575 0.120 1.206 0.109 0.637 -0.159
7.290 -0.030 0.576 0.120 1.206 0.110 0.636 -0.159
7.310 -0.030 0.576 0.120 1.206 0.110 0.636 -0.160
7.330 -0.030 0.577 0.120 1.206 0.111 0.635 -0.160
7.350 -0.031 0.578 0.120 1.206 0.111 0.634 -0.160
7.370 -0.031 0.579 0.121 1.206 0.111 0.633 -0.160
7.390 -0.031 0.580 0.121 1.206 0.112 0.632 -0.161
7.410 -0.031 0.581 0.121 1.206 0.112 0.632 -0.161
7.430 -0.031 0.582 0.121 1.206 0.112 0.631 -0.161
7.450 -0.031 0.582 0.121 1.206 0.113 0.630 -0.161
7.470 -0.031 0.583 0.121 1.206 0.113 0.629 -0.161
7.490 -0.031 0.584 0.121 1.206 0.113 0.628 -0.161
7.510 -0.031 0.585 0.121 1.206 0.113 0.627 -0.162
7.530 -0.031 0.586 0.121 1.206 0.114 0.627 -0.162
7.550 -0.031 0.587 0.121 1.206 0.114 0.626 -0.162
7.570 -0.031 0.587 0.120 1.206 0.114 0.625 -0.162
7.590 -0.031 0.588 0.120 1.206 0.114 0.624 -0.162
7.610 -0.031 0.589 0.120 1.206 0.114 0.623 -0.162
7.630 -0.031 0.590 0.120 1.206 0.115 0.622 -0.162
7.650 -0.031 0.591 0.120 1.206 0.115 0.622 -0.162
7.670 -0.031 0.592 0.120 1.206 0.115 0.621 -0.162
7.690 -0.031 0.592 0.119 1.206 0.115 0.620 -0.162
7.710 -0.031 0.593 0.119 1.206 0.115 0.619 -0.162
7.730 -0.030 0.594 0.119 1.206 0.115 0.618 -0.162
7.750 -0.030 0.595 0.119 1.206 0.115 0.617 -0.162
7.770 -0.030 0.596 0.118 1.206 0.115 0.617 -0.162
7.790 -0.030 0.597 0.118 1.206 0.115 0.616 -0.162
7.810 -0.030 0.597 0.118 1.206 0.115 0.615 -0.162
7.830 -0.029 0.598 0.118 1.206 0.115 0.614 -0.162
7.850 -0.029 0.599 0.117 1.206 0.115 0.613 -0.162
7.870 -0.029 0.600 0.117 1.206 0.115 0.612 -0.162
7.890 -0.029 0.601 0.116 1.206 0.115 0.611 -0.161
7.910 -0.028 0.601 0.116 1.206 0.114 0.611 -0.161
7.930 -0.028 0.602 0.116 1.206 0.114 0.610 -0.161
7.950 -0.028 0.603 0.115 1.206 0.114 0.609 -0.161
7.970 -0.027 0.604 0.115 1.206 0.114 0.608 -0.161
7.990 -0.027 0.605 0.114 1.206 0.114 0.607 -0.161
8.010 -0.027 0.605 0.114 1.206 0.114 0.606 -0.160
8.030 -0.026 0.606 0.113 1.206 0.113 0.606 -0.160
8.050 -0.026 0.607 0.113 1.206 0.113 0.605 -0.160
8.070 -0.026 0.608 0.112 1.206 0.113 0.604 -0.160
8.090 -0.025 0.609 0.112 1.206 0.113 0.603 -0.159
8.110 -0.025 0.609 0.111 1.206 0.112 0.602 -0.159
8.130 -0.024 0.610 0.110 1.206 0.112 0.602 -0.159
8.150 -0.024 0.611 0.110 1.206 0.112 0.601 -0.158
8.170 -0.023 0.612 0.109 1.206 0.111 0.600 -0.158
8.190 -0.023 0.612 0.109 1.206 0.111 0.599 -0.158
8.210 -0.022 0.613 0.108 1.206 0.110 0.598 -0.157
8.230 -0.022 0.614 0.107 1.206 0.110 0.597 -0.157
8.250 -0.021 0.615 0.107 1.206 0.110 0.597 -0.157
8.270 -0.021 0.615 0.106 1.206 0.109 0.596 -0.156
8.290 -0.020 0.616 0.105 1.206 0.109 0.595 -0.156
8.310 -0.020 0.617 0.105 1.206 0.108 0.594 -0.156
8.330 -0.019 0.618 0.104 1.206 0.108 0.593 -0.155
8.350 -0.018 0.618 0.103 1.206 0.107 0.593 -0.155
8.370 -0.018 0.619 0.102 1.206 0.106 0.592 -0.154
8.390 -0.017 0.620 0.102 1.206 0.106 0.591 -0.154
8.410 -0.016 0.620 0.101 1.206 0.105 0.590 -0.153
8.430 -0.016 0.621 0.100 1.206 0.105 0.590 -0.153
8.450 -0.015 0.622 0.099 1.206 0.104 0.589 -0.152
8.470 -0.014 0.623 0.098 1.206 0.103 0.588 -0.152
8.490 -0.013 0.623 0.098 1.206 0.103 0.587 -0.151
8.510 -0.013 0.624 0.097 1.206 0.102 0.587 -0.151
8.530 -0.012 0.625 0.096 1.206 0.101 0.586 -0.150
8.550 -0.011 0.625 0.095 1.206 0.101 0.585 -0.150
8.570 -0.010 0.626 0.094 1.206 0.100 0.584 -0.149
8.590 -0.010 0.627 0.093 1.206 0.099 0.584 -0.149
8.610 -0.009 0.627 0.092 1.206 0.098 0.583 -0.148
8.630 -0.008 0.628 0.091 1.206 0.098 0.582 -0.148
8.650 -0.007 0.628 0.090 1.206 0.097 0.582 -0.147
8.670 -0.006 0.629 0.089 1.206 0.096 0.581 -0.146
8.690 -0.005 0.630 0.088 1.206 0.095 0.580 -0.146
8.710 -0.004 0.630 0.088 1.206 0.094 0.579 -0.145
8.730 -0.004 0.631 0.087 1.206 0.093 0.579 -0.145
8.750 -0.003 0.631 0.086 1.206 0.092 0.578 -0.144
8.770 -0.002 0.632 0.085 1.206 0.092 0.577 -0.143
8.790 -0.001 0.633 0.084 1.206 0.091 0.577 -0.143
8.810 0.000 0.633 0.083 1.206 0.090 0.576 -0.142
8.830 0.001 0.634 0.082 1.206 0.089 0.576 -0.141
8.850 0.002 0.634 0.080 1.206 0.088 0.575 -0.141
8.870 0.003 0.635 0.079 1.206 0.087 0.574 -0.140
8.890 0.004 0.635 0.078 1.206 0.086 0.574 -0.139
8.910 0.005 0.636 0.077 1.206 0.085 0.573 -0.139
8.930 0.006 0.636 0.076 1.206 0.084 0.572 -0.138
8.950 0.007 0.637 0.075 1.206 0.083 0.572 -0.137
8.970 0.008 0.638 0.074 1.206 0.082 0.571 -0.137
8.990 0.009 0.638 0.073 1.206 0.080 0.571 -0.136
9.010 0.011 0.639 0.072 1.206 0.079 0.570 -0.135
9.030 0.012 0.639 0.071 1.206 0.078 0.569 -0.134
9.050 0.013 0.639 0.070 1.206 0.077 0.569 -0.134
9.070 0.014 0.640 0.069 1.206 0.076 0.568 -0.133
9.090 0.015 0.640 0.067 1.206 0.075 0.568 -0.132
9.110 0.016 0.641 0.066 1.206 0.074 0.567 -0.131
9.130 0.017 0.641 0.065 1.206 0.073 0.567 -0.131
9.150 0.019 0.642 0.064 1.206 0.071 0.566 -0.130
9.170 0.020 0.642 0.063 1.206 0.070 0.566 -0.129
9.190 0.021 0.643 0.062 1.206 0.069 0.565 -0.128
9.210 0.022 0.643 0.060 1.206 0.068 0.565 -0.128
9.230 0.023 0.643 0.059 1.206 0.066 0.564 -0.127
9.250 0.025 0.644 0.058 1.206 0.065 0.564 -0.126
9.270 0.026 0.644 0.057 1.206 0.064 0.563 -0.125
9.290 0.027 0.645 0.056 1.206 0.063 0.563 -0.124
9.310 0.028 0.645 0.054 1.206 0.061 0.562 -0.124
9.330 0.030 0.645 0.053 1.206 0.060 0.562 -0.123
9.350 0.031 0.646 0.052 1.206 0.059 0.562 -0.122
9.370 0.032 0.646 0.051 1.206 0.057 0.561 -0.121
9.390 0.033 0.646 0.049 1.206 0.056 0.561 -0.120
9.410 0.035 0.647 0.048 1.206 0.055 0.560 -0.120
9.430 0.036 0.647 0.047 1.206 0.053 0.560 -0.119
9.450 0.037 0.647 0.046 1.206 0.052 0.560 -0.118
9.470 0.039 0.648 0.044 1.206 0.051 0.559 -0.117
9.490 0.040 0.648 0.043 1.206 0.049 0.559 -0.116
9.510 0.041 0.648 0.042 1.206 0.048 0.559 -0.115
9.530 0.043 0.649 0.041 1.206 0.046 0.558 -0.114
9.550 0.044 0.649 0.039 1.206 0.045 0.558 -0.114
9.570 0.045 0.649 0.038 1.206 0.044 0.558 -0.113
9.590 0.047 0.649 0.037 1.206 0.042 0.557 -0.112
9.610 0.048 0.650 0.036 1.206 0.041 0.557 -0.111
9.630 0.050 0.650 0.034 1.206 0.039 0.557 -0.110
9.650 0.051 0.650 0.033 1.206 0.038 0.556 -0.109
9.670 0.052 0.650 0.032 1.206 0.036 0.556 -0.108
9.690 0.054 0.650 0.030 1.206 0.035 0.556 -0.108
9.710 0.055 0.651 0.029 1.206 0.033 0.556 -0.107
9.730 0.057 0.651 0.028 1.206 0.032 0.555 -0.106
9.750 0.058 0.651 0.026 1.206 0.030 0.555 -0.105
9.770 0.059 0.651 0.025 1.206 0.029 0.555 -0.104
9.790 0.061 0.651 0.024 1.206 0.027 0.555 -0.103
9.810 0.062 0.652 0.023 1.206 0.026 0.555 -0.102
9.830 0.064 0.652 0.021 1.206 0.024 0.554 -0.101
9.850 0.065 0.652 0.020 1.206 0.023 0.554 -0.100
9.870 0.067 0.652 0.019 1.206 0.021 0.554 -0.100
9.890 0.068 0.652 0.017 1.206 0.020 0.554 -0.099
9.910 0.070 0.652 0.016 1.206 0.018 0.554 -0.098
9.930 0.071 0.652 0.014 1.206 0.017 0.554 -0.097
9.950 0.073 0.652 0.013 1.206 0.015 0.554 -0.096
9.970 0.075 0.653 0.011 1.206 0.013 0.553 -0.094
9.990 0.076 0.653 0.010 1.206 0.011 0.553 -0.094
10.010 0.077 0.653 0.009 1.206 0.011 0.553 -0.093
10.020 0.077 0.653 0.009 1.206 0.011 0.553 -0.093
