0.000 -0.000 0.639 0.000 1.208 0.000 0.569 0.000
0.010 -0.000 0.639 0.000 1.208 0.000 0.569 0.000
0.030 0.000 0.639 -0.000 1.208 -0.000 0.569 0.000
0.050 0.001 0.639 -0.001 1.208 -0.002 0.569 0.001
0.070 0.003 0.639 -0.003 1.208 -0.003 0.569 0.002
0.090 0.004 0.639 -0.004 1.208 -0.005 0.569 0.003
0.110 0.006 0.639 -0.005 1.208 -0.006 0.569 0.004
0.130 0.007 0.639 -0.006 1.208 -0.007 0.569 0.005
0.150 0.008 0.639 -0.008 1.208 -0.008 0.569 0.005
0.170 0.009 0.639 -0.009 1.208 -0.009 0.569 0.006
0.190 0.010 0.639 -0.010 1.208 -0.011 0.570 0.007
0.210 0.011 0.639 -0.011 1.208 -0.012 0.570 0.008
0.230 0.012 0.639 -0.012 1.208 -0.013 0.570 0.008
0.250 0.013 0.639 -0.013 1.208 -0.014 0.570 0.009
0.270 0.014 0.639 -0.014 1.208 -0.015 0.570 0.010
0.290 0.015 0.639 -0.015 1.208 -0.017 0.570 0.011
0.310 0.016 0.638 -0.016 1.208 -0.018 0.570 0.011
0.330 0.018 0.638 -0.017 1.208 -0.019 0.570 0.012
0.350 0.019 0.638 -0.018 1.208 -0.020 0.570 0.013
0.370 0.020 0.638 -0.019 1.208 -0.021 0.571 0.014
0.390 0.021 0.638 -0.020 1.208 -0.022 0.571 0.014
0.410 0.022 0.638 -0.021 1.208 -0.023 0.571 0.015
0.430 0.023 0.638 -0.022 1.208 -0.025 0.571 0.016
0.450 0.024 0.638 -0.023 1.208 -0.026 0.571 0.016
0.470 0.025 0.637 -0.024 1.208 -0.027 0.571 0.017
0.490 0.026 0.637 -0.025 1.208 -0.028 0.572 0.018
0.510 0.027 0.637 -0.026 1.208 -0.029 0.572 0.019
0.530 0.028 0.637 -0.028 1.208 -0.030 0.572 0.019
0.550 0.029 0.637 -0.029 1.208 -0.031 0.572 0.020
0.570 0.030 0.636 -0.030 1.208 -0.032 0.572 0.021
0.590 0.031 0.636 -0.031 1.208 -0.034 0.573 0.022
0.610 0.032 0.636 -0.032 1.208 -0.035 0.573 0.022
0.630 0.033 0.636 -0.033 1.208 -0.036 0.573 0.023
0.650 0.034 0.636 -0.034 1.208 -0.037 0.573 0.024
0.670 0.035 0.635 -0.035 1.208 -0.038 0.574 0.024
0.690 0.036 0.635 -0.036 1.208 -0.039 0.574 0.025
0.710 0.037 0.635 -0.037 1.208 -0.040 0.574 0.026
0.730 0.038 0.635 -0.038 1.208 -0.041 0.575 0.026
0.750 0.039 0.634 -0.039 1.208 -0.042 0.575 0.027
0.770 0.040 0.634 -0.040 1.208 -0.043 0.575 0.028
0.790 0.041 0.634 -0.041 1.208 -0.044 0.576 0.029
0.810 0.042 0.633 -0.042 1.208 -0.045 0.576 0.029
0.830 0.043 0.633 -0.043 1.208 -0.046 0.576 0.030
0.850 0.044 0.633 -0.044 1.208 -0.047 0.577 0.031
0.870 0.045 0.633 -0.044 1.208 -0.048 0.577 0.031
0.890 0.046 0.632 -0.045 1.208 -0.049 0.577 0.032
0.910 0.047 0.632 -0.046 1.208 -0.050 0.578 0.033
0.930 0.048 0.632 -0.047 1.208 -0.051 0.578 0.033
0.950 0.049 0.631 -0.048 1.208 -0.052 0.578 0.034
0.970 0.050 0.631 -0.049 1.208 -0.053 0.579 0.034
0.990 0.051 0.631 -0.050 1.208 -0.054 0.579 0.035
1.010 0.051 0.630 -0.051 1.208 -0.055 0.579 0.036
1.030 0.052 0.630 -0.052 1.208 -0.056 0.580 0.036
1.050 0.053 0.630 -0.053 1.208 -0.057 0.580 0.037
1.070 0.054 0.629 -0.054 1.208 -0.058 0.581 0.038
1.090 0.055 0.629 -0.055 1.208 -0.059 0.581 0.038
1.110 0.056 0.628 -0.056 1.208 -0.059 0.582 0.039
1.130 0.057 0.628 -0.056 1.208 -0.060 0.582 0.039
1.150 0.057 0.628 -0.057 1.208 -0.061 0.582 0.040
1.170 0.058 0.627 -0.058 1.208 -0.062 0.583 0.041
1.190 0.059 0.627 -0.059 1.208 -0.063 0.583 0.041
1.210 0.060 0.626 -0.060 1.208 -0.064 0.584 0.042
1.230 0.061 0.626 -0.061 1.208 -0.065 0.584 0.042
1.250 0.061 0.626 -0.062 1.208 -0.065 0.585 0.043
1.270 0.062 0.625 -0.062 1.208 -0.066 0.585 0.043
1.290 0.063 0.625 -0.063 1.208 -0.067 0.586 0.044
1.310 0.064 0.624 -0.064 1.208 -0.068 0.586 0.045
1.330 0.065 0.624 -0.065 1.208 -0.068 0.587 0.045
1.350 0.065 0.623 -0.066 1.208 -0.069 0.587 0.046
1.370 0.066 0.623 -0.066 1.208 -0.070 0.588 0.046
1.390 0.067 0.622 -0.067 1.208 -0.071 0.588 0.047
1.410 0.067 0.622 -0.068 1.208 -0.071 0.589 0.047
1.430 0.068 0.622 -0.069 1.208 -0.072 0.589 0.048
1.450 0.069 0.621 -0.069 1.208 -0.073 0.590 0.048
1.470 0.069 0.621 -0.070 1.208 -0.073 0.590 0.049
1.490 0.070 0.620 -0.071 1.208 -0.074 0.591 0.049
1.510 0.071 0.620 -0.072 1.208 -0.075 0.591 0.050
1.530 0.071 0.619 -0.072 1.208 -0.075 0.592 0.050
1.550 0.072 0.619 -0.073 1.208 -0.076 0.592 0.051
1.570 0.073 0.618 -0.074 1.208 -0.077 0.593 0.051
1.590 0.073 0.618 -0.074 1.208 -0.077 0.594 0.052
1.610 0.074 0.617 -0.075 1.208 -0.078 0.594 0.052
1.630 0.074 0.617 -0.076 1.208 -0.078 0.595 0.052
1.650 0.075 0.616 -0.076 1.208 -0.079 0.595 0.053
1.670 0.076 0.615 -0.077 1.208 -0.079 0.596 0.053
1.690 0.076 0.615 -0.078 1.208 -0.080 0.596 0.054
1.710 0.077 0.614 -0.078 1.208 -0.080 0.597 0.054
1.730 0.077 0.614 -0.079 1.208 -0.081 0.598 0.054
1.750 0.078 0.613 -0.080 1.208 -0.081 0.598 0.055
1.770 0.078 0.613 -0.080 1.208 -0.082 0.599 0.055
1.790 0.079 0.612 -0.081 1.208 -0.082 0.599 0.056
1.810 0.079 0.612 -0.081 1.208 -0.083 0.600 0.056
1.830 0.080 0.611 -0.082 1.208 -0.083 0.601 0.056
1.850 0.080 0.610 -0.082 1.208 -0.084 0.601 0.057
1.870 0.080 0.610 -0.083 1.208 -0.084 0.602 0.057
1.890 0.081 0.609 -0.084 1.208 -0.084 0.602 0.057
1.910 0.081 0.609 -0.084 1.208 -0.085 0.603 0.057
1.930 0.082 0.608 -0.085 1.208 -0.085 0.604 0.058
1.950 0.082 0.608 -0.085 1.208 -0.085 0.604 0.058
1.970 0.083 0.607 -0.085 1.208 -0.086 0.605 0.058
1.990 0.083 0.606 -0.086 1.208 -0.086 0.606 0.059
2.010 0.083 0.606 -0.086 1.208 -0.086 0.606 0.059
2.030 0.084 0.605 -0.087 1.208 -0.087 0.607 0.059
2.050 0.084 0.605 -0.087 1.208 -0.087 0.607 0.059
2.070 0.084 0.604 -0.088 1.208 -0.087 0.608 0.060
2.090 0.085 0.603 -0.088 1.208 -0.087 0.609 0.060
2.110 0.085 0.603 -0.088 1.208 -0.088 0.609 0.060
2.130 0.085 0.602 -0.089 1.208 -0.088 0.610 0.060
2.150 0.085 0.601 -0.089 1.208 -0.088 0.611 0.060
2.170 0.086 0.601 -0.090 1.208 -0.088 0.611 0.061
2.190 0.086 0.600 -0.090 1.208 -0.088 0.612 0.061
2.210 0.086 0.600 -0.090 1.208 -0.089 0.613 0.061
2.230 0.086 0.599 -0.090 1.208 -0.089 0.613 0.061
2.250 0.087 0.598 -0.091 1.208 -0.089 0.614 0.061
2.270 0.087 0.598 -0.091 1.208 -0.089 0.615 0.061
2.290 0.087 0.597 -0.091 1.208 -0.089 0.615 0.061
2.310 0.087 0.596 -0.092 1.208 -0.089 0.616 0.061
2.330 0.087 0.596 -0.092 1.208 -0.089 0.617 0.062
2.350 0.087 0.595 -0.092 1.208 -0.089 0.617 0.062
2.370 0.088 0.594 -0.092 1.208 -0.089 0.618 0.062
2.390 0.088 0.594 -0.092 1.208 -0.089 0.618 0.062
2.410 0.088 0.593 -0.093 1.208 -0.089 0.619 0.062
2.430 0.088 0.593 -0.093 1.208 -0.089 0.620 0.062
2.450 0.088 0.592 -0.093 1.208 -0.089 0.620 0.062
2.470 0.088 0.591 -0.093 1.208 -0.089 0.621 0.062
2.490 0.088 0.591 -0.093 1.208 -0.089 0.622 0.062
2.510 0.088 0.590 -0.093 1.208 -0.089 0.622 0.062
2.530 0.088 0.589 -0.093 1.208 -0.089 0.623 0.062
2.550 0.088 0.589 -0.094 1.208 -0.089 0.624 0.062
2.570 0.088 0.588 -0.094 1.208 -0.089 0.624 0.062
2.590 0.088 0.587 -0.094 1.208 -0.089 0.625 0.062
2.610 0.088 0.587 -0.094 1.208 -0.089 0.626 0.062
2.630 0.088 0.586 -0.094 1.208 -0.088 0.626 0.062
2.650 0.088 0.585 -0.094 1.208 -0.088 0.627 0.061
2.670 0.088 0.585 -0.094 1.208 -0.088 0.628 0.061
2.690 0.088 0.584 -0.094 1.208 -0.088 0.628 0.061
2.710 0.088 0.583 -0.094 1.208 -0.088 0.629 0.061
2.730 0.088 0.583 -0.094 1.208 -0.087 0.630 0.061
2.750 0.088 0.582 -0.094 1.208 -0.087 0.630 0.061
2.770 0.088 0.581 -0.093 1.208 -0.087 0.631 0.061
2.790 0.088 0.581 -0.093 1.208 -0.087 0.631 0.060
2.810 0.088 0.580 -0.093 1.208 -0.086 0.632 0.060
2.830 0.088 0.580 -0.093 1.208 -0.086 0.633 0.060
2.850 0.087 0.579 -0.093 1.208 -0.086 0.633 0.060
2.870 0.087 0.578 -0.093 1.208 -0.086 0.634 0.060
2.890 0.087 0.578 -0.093 1.208 -0.085 0.635 0.059
2.910 0.087 0.577 -0.092 1.208 -0.085 0.635 0.059
2.930 0.087 0.576 -0.092 1.208 -0.085 0.636 0.059
2.950 0.087 0.576 -0.092 1.208 -0.084 0.636 0.059
2.970 0.086 0.575 -0.092 1.208 -0.084 0.637 0.058
2.990 0.086 0.574 -0.092 1.208 -0.084 0.638 0.058
3.010 0.086 0.574 -0.091 1.208 -0.083 0.638 0.058
3.030 0.086 0.573 -0.091 1.208 -0.083 0.639 0.057
3.050 0.085 0.572 -0.091 1.208 -0.082 0.639 0.057
3.070 0.085 0.572 -0.090 1.208 -0.082 0.640 0.057
3.090 0.085 0.571 -0.090 1.208 -0.081 0.641 0.056
3.110 0.085 0.571 -0.090 1.208 -0.081 0.641 0.056
3.130 0.084 0.570 -0.089 1.208 -0.081 0.642 0.055
3.150 0.084 0.569 -0.089 1.208 -0.080 0.642 0.055
3.170 0.084 0.569 -0.089 1.208 -0.080 0.643 0.055
3.190 0.083 0.568 -0.088 1.208 -0.079 0.644 0.054
3.210 0.083 0.567 -0.088 1.208 -0.079 0.644 0.054
3.230 0.083 0.567 -0.087 1.208 -0.078 0.645 0.053
3.250 0.082 0.566 -0.087 1.208 -0.078 0.645 0.053
3.270 0.082 0.566 -0.086 1.208 -0.077 0.646 0.052
3.290 0.082 0.565 -0.086 1.208 -0.076 0.646 0.052
3.310 0.081 0.564 -0.085 1.208 -0.076 0.647 0.051
3.330 0.081 0.564 -0.085 1.208 -0.075 0.648 0.051
3.350 0.081 0.563 -0.084 1.208 -0.075 0.648 0.050
3.370 0.080 0.563 -0.084 1.208 -0.074 0.649 0.050
3.390 0.080 0.562 -0.083 1.208 -0.074 0.649 0.049
3.410 0.079 0.562 -0.083 1.208 -0.073 0.650 0.049
3.430 0.079 0.561 -0.082 1.208 -0.072 0.650 0.048
3.450 0.079 0.560 -0.082 1.208 -0.072 0.651 0.048
3.470 0.078 0.560 -0.081 1.208 -0.071 0.651 0.047
3.490 0.078 0.559 -0.080 1.208 -0.070 0.652 0.047
3.510 0.077 0.559 -0.080 1.208 -0.070 0.652 0.046
3.530 0.077 0.558 -0.079 1.208 -0.069 0.653 0.045
3.550 0.076 0.558 -0.078 1.208 -0.068 0.653 0.045
3.570 0.076 0.557 -0.078 1.208 -0.068 0.654 0.044
3.590 0.075 0.557 -0.077 1.208 -0.067 0.654 0.043
3.610 0.075 0.556 -0.076 1.208 -0.066 0.655 0.043
3.630 0.074 0.556 -0.076 1.208 -0.066 0.655 0.042
3.650 0.074 0.555 -0.075 1.208 -0.065 0.656 0.041
3.670 0.073 0.554 -0.074 1.208 -0.064 0.656 0.041
3.690 0.073 0.554 -0.073 1.208 -0.063 0.657 0.040
3.710 0.072 0.553 -0.073 1.208 -0.063 0.657 0.039
3.730 0.072 0.553 -0.072 1.208 -0.062 0.658 0.038
3.750 0.071 0.552 -0.071 1.208 -0.061 0.658 0.038
3.770 0.071 0.552 -0.070 1.208 -0.060 0.658 0.037
3.790 0.070 0.551 -0.070 1.208 -0.059 0.659 0.036
3.810 0.069 0.551 -0.069 1.208 -0.059 0.659 0.035
3.830 0.069 0.551 -0.068 1.208 -0.058 0.660 0.035
3.850 0.068 0.550 -0.067 1.208 -0.057 0.660 0.034
3.870 0.068 0.550 -0.066 1.208 -0.056 0.661 0.033
3.890 0.067 0.549 -0.065 1.208 -0.055 0.661 0.032
3.910 0.067 0.549 -0.064 1.208 -0.055 0.661 0.031
3.930 0.066 0.548 -0.063 1.208 -0.054 0.662 0.031
3.950 0.065 0.548 -0.063 1.208 -0.053 0.662 0.030
3.970 0.065 0.547 -0.062 1.208 -0.052 0.663 0.029
3.990 0.064 0.547 -0.061 1.208 -0.051 0.663 0.028
4.010 0.064 0.547 -0.060 1.208 -0.050 0.663 0.027
4.030 0.063 0.546 -0.059 1.208 -0.050 0.664 0.026
4.050 0.062 0.546 -0.058 1.208 -0.049 0.664 0.026
4.070 0.062 0.545 -0.057 1.208 -0.048 0.664 0.025
4.090 0.061 0.545 -0.056 1.208 -0.047 0.665 0.024
4.110 0.060 0.545 -0.055 1.208 -0.046 0.665 0.023
4.130 0.060 0.544 -0.054 1.208 -0.045 0.665 0.022
4.150 0.059 0.544 -0.053 1.208 -0.044 0.666 0.021
4.170 0.058 0.544 -0.052 1.208 -0.043 0.666 0.020
4.190 0.058 0.543 -0.051 1.208 -0.042 0.666 0.019
4.210 0.057 0.543 -0.050 1.208 -0.042 0.667 0.018
4.230 0.056 0.543 -0.049 1.208 -0.041 0.667 0.017
4.250 0.056 0.542 -0.048 1.208 -0.040 0.667 0.016
4.270 0.055 0.542 -0.047 1.208 -0.039 0.667 0.015
4.290 0.054 0.542 -0.045 1.208 -0.038 0.668 0.014
4.310 0.054 0.541 -0.044 1.208 -0.037 0.668 0.013
4.330 0.053 0.541 -0.043 1.208 -0.036 0.668 0.012
4.350 0.052 0.541 -0.042 1.208 -0.035 0.668 0.011
4.370 0.052 0.540 -0.041 1.208 -0.034 0.669 0.010
4.390 0.051 0.540 -0.040 1.208 -0.033 0.669 0.009
4.410 0.050 0.540 -0.039 1.208 -0.032 0.669 0.008
4.430 0.049 0.540 -0.038 1.208 -0.031 0.669 0.007
4.450 0.049 0.539 -0.036 1.208 -0.030 0.670 0.006
4.470 0.048 0.539 -0.035 1.208 -0.029 0.670 0.005
4.490 0.047 0.539 -0.034 1.208 -0.028 0.670 0.004
4.510 0.047 0.539 -0.033 1.208 -0.027 0.670 0.003
4.530 0.046 0.538 -0.032 1.208 -0.026 0.670 0.002
4.550 0.045 0.538 -0.031 1.208 -0.025 0.671 0.001
4.570 0.044 0.538 -0.030 1.208 -0.024 0.671 0.000
4.590 0.044 0.538 -0.028 1.208 -0.023 0.671 -0.001
4.610 0.043 0.538 -0.027 1.208 -0.022 0.671 -0.002
4.630 0.042 0.537 -0.026 1.208 -0.021 0.671 -0.003
4.650 0.041 0.537 -0.025 1.208 -0.020 0.671 -0.004
4.670 0.041 0.537 -0.024 1.208 -0.019 0.672 -0.005
4.690 0.040 0.537 -0.022 1.208 -0.018 0.672 -0.006
4.710 0.039 0.537 -0.021 1.208 -0.017 0.672 -0.007
4.730 0.038 0.537 -0.020 1.208 -0.016 0.672 -0.009
4.750 0.038 0.536 -0.019 1.208 -0.015 0.672 -0.010
4.770 0.037 0.536 -0.017 1.208 -0.014 0.672 -0.011
4.790 0.036 0.536 -0.016 1.208 -0.013 0.672 -0.012
4.810 0.035 0.536 -0.015 1.208 -0.012 0.672 -0.013
4.830 0.035 0.536 -0.014 1.208 -0.011 0.672 -0.014
4.850 0.034 0.536 -0.013 1.208 -0.010 0.673 -0.015
4.870 0.033 0.536 -0.011 1.208 -0.009 0.673 -0.016
4.890 0.032 0.536 -0.010 1.208 -0.008 0.673 -0.017
4.910 0.032 0.536 -0.009 1.208 -0.007 0.673 -0.018
4.930 0.031 0.536 -0.008 1.208 -0.006 0.673 -0.019
4.950 0.030 0.536 -0.006 1.208 -0.005 0.673 -0.021
4.970 0.029 0.536 -0.005 1.208 -0.004 0.673 -0.022
4.990 0.029 0.536 -0.004 1.208 -0.003 0.673 -0.023
5.010 0.028 0.536 -0.003 1.208 -0.002 0.673 -0.024
5.030 0.027 0.536 -0.001 1.208 -0.001 0.673 -0.025
5.050 0.026 0.536 -0.000 1.208 -0.000 0.673 -0.026
5.070 0.026 0.536 0.001 1.208 0.001 0.673 -0.027
5.090 0.025 0.536 0.002 1.208 0.002 0.673 -0.028
5.110 0.024 0.536 0.004 1.208 0.003 0.673 -0.029
5.130 0.023 0.536 0.005 1.208 0.004 0.673 -0.031
5.150 0.023 0.536 0.006 1.208 0.005 0.673 -0.032
5.170 0.022 0.536 0.007 1.208 0.006 0.673 -0.033
5.190 0.021 0.536 0.009 1.208 0.007 0.673 -0.034
5.210 0.020 0.536 0.010 1.208 0.008 0.673 -0.035
5.230 0.019 0.536 0.011 1.208 0.009 0.673 -0.036
5.250 0.019 0.536 0.012 1.208 0.010 0.673 -0.037
5.270 0.018 0.536 0.014 1.208 0.011 0.673 -0.038
5.290 0.017 0.536 0.015 1.208 0.012 0.672 -0.039
5.310 0.016 0.536 0.016 1.208 0.013 0.672 -0.041
5.330 0.016 0.536 0.017 1.208 0.014 0.672 -0.042
5.350 0.015 0.536 0.018 1.208 0.015 0.672 -0.043
5.370 0.014 0.537 0.020 1.208 0.016 0.672 -0.044
5.390 0.013 0.537 0.021 1.208 0.017 0.672 -0.045
5.410 0.013 0.537 0.022 1.208 0.018 0.672 -0.046
5.430 0.012 0.537 0.023 1.208 0.019 0.672 -0.047
5.450 0.011 0.537 0.025 1.208 0.020 0.672 -0.048
5.470 0.011 0.537 0.026 1.208 0.021 0.671 -0.049
5.490 0.010 0.538 0.027 1.208 0.022 0.671 -0.050
5.510 0.009 0.538 0.028 1.208 0.023 0.671 -0.051
5.530 0.008 0.538 0.029 1.208 0.024 0.671 -0.052
5.550 0.008 0.538 0.030 1.208 0.025 0.671 -0.053
5.570 0.007 0.538 0.032 1.208 0.026 0.671 -0.054
5.590 0.006 0.539 0.033 1.208 0.027 0.670 -0.056
5.610 0.005 0.539 0.034 1.208 0.028 0.670 -0.057
5.630 0.005 0.539 0.035 1.208 0.029 0.670 -0.058
5.650 0.004 0.539 0.036 1.208 0.030 0.670 -0.059
5.670 0.003 0.540 0.037 1.208 0.031 0.669 -0.060
5.690 0.003 0.540 0.039 1.208 0.032 0.669 -0.061
5.710 0.002 0.540 0.040 1.208 0.033 0.669 -0.062
5.730 0.001 0.540 0.041 1.208 0.034 0.669 -0.063
5.750 0.000 0.541 0.042 1.208 0.035 0.669 -0.064
5.770 -0.000 0.541 0.043 1.208 0.036 0.668 -0.065
5.790 -0.001 0.541 0.044 1.208 0.037 0.668 -0.066
5.810 -0.002 0.541 0.045 1.208 0.038 0.668 -0.067
5.830 -0.002 0.542 0.046 1.208 0.039 0.667 -0.068
5.850 -0.003 0.542 0.047 1.208 0.040 0.667 -0.069
5.870 -0.004 0.542 0.048 1.208 0.040 0.667 -0.070
5.890 -0.004 0.543 0.050 1.208 0.041 0.667 -0.071
5.910 -0.005 0.543 0.051 1.208 0.042 0.666 -0.072
5.930 -0.006 0.543 0.052 1.208 0.043 0.666 -0.072
5.950 -0.006 0.544 0.053 1.208 0.044 0.666 -0.073
5.970 -0.007 0.544 0.054 1.208 0.045 0.665 -0.074
5.990 -0.008 0.545 0.055 1.208 0.046 0.665 -0.075
6.010 -0.008 0.545 0.056 1.208 0.047 0.665 -0.076
6.030 -0.009 0.545 0.057 1.208 0.048 0.664 -0.077
6.050 -0.010 0.546 0.058 1.208 0.049 0.664 -0.078
6.070 -0.010 0.546 0.059 1.208 0.049 0.664 -0.079
6.090 -0.011 0.547 0.060 1.208 0.050 0.663 -0.080
6.110 -0.011 0.547 0.061 1.208 0.051 0.663 -0.081
6.130 -0.012 0.547 0.061 1.208 0.052 0.663 -0.081
6.150 -0.013 0.548 0.062 1.208 0.053 0.662 -0.082
6.170 -0.013 0.548 0.063 1.208 0.054 0.662 -0.083
6.190 -0.014 0.549 0.064 1.208 0.054 0.661 -0.084
6.210 -0.014 0.549 0.065 1.208 0.055 0.661 -0.085
6.230 -0.015 0.550 0.066 1.208 0.056 0.661 -0.086
6.250 -0.016 0.550 0.067 1.208 0.057 0.660 -0.086
6.270 -0.016 0.550 0.068 1.208 0.058 0.660 -0.087
6.290 -0.017 0.551 0.069 1.208 0.059 0.659 -0.088
6.310 -0.017 0.551 0.069 1.208 0.059 0.659 -0.089
6.330 -0.018 0.552 0.070 1.208 0.060 0.659 -0.089
6.350 -0.018 0.552 0.071 1.208 0.061 0.658 -0.090
6.370 -0.019 0.553 0.072 1.208 0.062 0.658 -0.091
6.390 -0.019 0.553 0.073 1.208 0.062 0.657 -0.092
6.410 -0.020 0.554 0.073 1.208 0.063 0.657 -0.092
6.430 -0.021 0.554 0.074 1.208 0.064 0.656 -0.093
6.450 -0.021 0.555 0.075 1.208 0.065 0.656 -0.094
6.470 -0.022 0.555 0.076 1.208 0.065 0.655 -0.095
6.490 -0.022 0.556 0.076 1.208 0.066 0.655 -0.095
6.510 -0.023 0.556 0.077 1.208 0.067 0.654 -0.096
6.530 -0.023 0.557 0.078 1.208 0.068 0.654 -0.097
6.550 -0.024 0.558 0.078 1.208 0.068 0.653 -0.097
6.570 -0.024 0.558 0.079 1.208 0.069 0.653 -0.098
6.590 -0.024 0.559 0.080 1.208 0.070 0.652 -0.098
6.610 -0.025 0.559 0.080 1.208 0.070 0.652 -0.099
6.630 -0.025 0.560 0.081 1.208 0.071 0.651 -0.100
6.650 -0.026 0.560 0.082 1.208 0.072 0.651 -0.100
6.670 -0.026 0.561 0.082 1.208 0.072 0.650 -0.101
6.690 -0.027 0.561 0.083 1.208 0.073 0.650 -0.101
6.710 -0.027 0.562 0.083 1.208 0.073 0.649 -0.102
6.730 -0.027 0.563 0.084 1.208 0.074 0.649 -0.103
6.750 -0.028 0.563 0.084 1.208 0.075 0.648 -0.103
6.770 -0.028 0.564 0.085 1.208 0.075 0.648 -0.104
6.790 -0.029 0.564 0.085 1.208 0.076 0.647 -0.104
6.810 -0.029 0.565 0.086 1.208 0.076 0.647 -0.105
6.830 -0.029 0.566 0.086 1.208 0.077 0.646 -0.105
6.850 -0.030 0.566 0.087 1.208 0.077 0.645 -0.106
6.870 -0.030 0.567 0.087 1.208 0.078 0.645 -0.106
6.890 -0.030 0.567 0.088 1.208 0.078 0.644 -0.106
6.910 -0.031 0.568 0.088 1.208 0.079 0.644 -0.107
6.930 -0.031 0.569 0.089 1.208 0.079 0.643 -0.107
6.950 -0.031 0.569 0.089 1.208 0.080 0.643 -0.108
6.970 -0.032 0.570 0.089 1.208 0.080 0.642 -0.108
6.990 -0.032 0.570 0.090 1.208 0.081 0.641 -0.109
7.010 -0.032 0.571 0.090 1.208 0.081 0.641 -0.109
7.030 -0.032 0.572 0.090 1.208 0.082 0.640 -0.109
7.050 -0.033 0.572 0.091 1.208 0.082 0.640 -0.110
7.070 -0.033 0.573 0.091 1.208 0.083 0.639 -0.110
7.090 -0.033 0.574 0.091 1.208 0.083 0.638 -0.110
7.110 -0.033 0.574 0.091 1.208 0.083 0.638 -0.111
7.130 -0.034 0.575 0.092 1.208 0.084 0.637 -0.111
7.150 -0.034 0.576 0.092 1.208 0.084 0.637 -0.111
7.170 -0.034 0.576 0.092 1.208 0.085 0.636 -0.112
7.190 -0.034 0.577 0.092 1.208 0.085 0.635 -0.112
7.210 -0.034 0.577 0.093 1.208 0.085 0.635 -0.112
7.230 -0.034 0.578 0.093 1.208 0.086 0.634 -0.112
7.250 -0.035 0.579 0.093 1.208 0.086 0.633 -0.113
7.270 -0.035 0.579 0.093 1.208 0.086 0.633 -0.113
7.290 -0.035 0.580 0.093 1.208 0.086 0.632 -0.113
7.310 -0.035 0.581 0.093 1.208 0.087 0.632 -0.113
7.330 -0.035 0.581 0.093 1.208 0.087 0.631 -0.113
7.350 -0.035 0.582 0.094 1.208 0.087 0.630 -0.113
7.370 -0.035 0.583 0.094 1.208 0.087 0.630 -0.114
7.390 -0.035 0.583 0.094 1.208 0.088 0.629 -0.114
7.410 -0.035 0.584 0.094 1.208 0.088 0.628 -0.114
7.430 -0.035 0.585 0.094 1.208 0.088 0.628 -0.114
7.450 -0.036 0.585 0.094 1.208 0.088 0.627 -0.114
7.470 -0.036 0.586 0.094 1.208 0.088 0.626 -0.114
7.490 -0.036 0.587 0.094 1.208 0.089 0.626 -0.114
7.510 -0.036 0.587 0.094 1.208 0.089 0.625 -0.114
7.530 -0.036 0.588 0.094 1.208 0.089 0.624 -0.114
7.550 -0.036 0.589 0.094 1.208 0.089 0.624 -0.115
7.570 -0.036 0.589 0.093 1.208 0.089 0.623 -0.115
7.590 -0.035 0.590 0.093 1.208 0.089 0.623 -0.115
7.610 -0.035 0.590 0.093 1.208 0.089 0.622 -0.115
7.630 -0.035 0.591 0.093 1.208 0.089 0.621 -0.115
7.650 -0.035 0.592 0.093 1.208 0.089 0.621 -0.115
7.670 -0.035 0.592 0.093 1.208 0.089 0.620 -0.115
7.690 -0.035 0.593 0.093 1.208 0.089 0.619 -0.115
7.710 -0.035 0.594 0.093 1.208 0.089 0.619 -0.115
7.730 -0.035 0.594 0.092 1.208 0.089 0.618 -0.114
7.750 -0.035 0.595 0.092 1.208 0.089 0.617 -0.114
7.770 -0.035 0.596 0.092 1.208 0.089 0.617 -0.114
7.790 -0.034 0.596 0.092 1.208 0.089 0.616 -0.114
7.810 -0.034 0.597 0.091 1.208 0.089 0.615 -0.114
7.830 -0.034 0.598 0.091 1.208 0.089 0.615 -0.114
7.850 -0.034 0.598 0.091 1.208 0.089 0.614 -0.114
7.870 -0.034 0.599 0.091 1.208 0.089 0.613 -0.114
7.890 -0.033 0.599 0.090 1.208 0.089 0.613 -0.114
7.910 -0.033 0.600 0.090 1.208 0.088 0.612 -0.113
7.930 -0.033 0.601 0.090 1.208 0.088 0.611 -0.113
7.950 -0.033 0.601 0.089 1.208 0.088 0.611 -0.113
7.970 -0.032 0.602 0.089 1.208 0.088 0.610 -0.113
7.990 -0.032 0.603 0.089 1.208 0.088 0.609 -0.113
8.010 -0.032 0.603 0.088 1.208 0.087 0.609 -0.113
8.030 -0.032 0.604 0.088 1.208 0.087 0.608 -0.112
8.050 -0.031 0.604 0.087 1.208 0.087 0.608 -0.112
8.070 -0.031 0.605 0.087 1.208 0.087 0.607 -0.112
8.090 -0.031 0.606 0.086 1.208 0.086 0.606 -0.112
8.110 -0.030 0.606 0.086 1.208 0.086 0.606 -0.111
8.130 -0.030 0.607 0.086 1.208 0.086 0.605 -0.111
8.150 -0.029 0.607 0.085 1.208 0.085 0.604 -0.111
8.170 -0.029 0.608 0.085 1.208 0.085 0.604 -0.111
8.190 -0.029 0.609 0.084 1.208 0.085 0.603 -0.110
8.210 -0.028 0.609 0.084 1.208 0.084 0.603 -0.110
8.230 -0.028 0.610 0.083 1.208 0.084 0.602 -0.110
8.250 -0.027 0.610 0.083 1.208 0.084 0.601 -0.109
8.270 -0.027 0.611 0.082 1.208 0.083 0.601 -0.109
8.290 -0.027 0.612 0.081 1.208 0.083 0.600 -0.109
8.310 -0.026 0.612 0.081 1.208 0.082 0.600 -0.108
8.330 -0.026 0.613 0.080 1.208 0.082 0.599 -0.108
8.350 -0.025 0.613 0.080 1.208 0.081 0.598 -0.108
8.370 -0.025 0.614 0.079 1.208 0.081 0.598 -0.107
8.390 -0.024 0.614 0.079 1.208 0.080 0.597 -0.107
8.410 -0.023 0.615 0.078 1.208 0.080 0.597 -0.106
8.430 -0.023 0.615 0.077 1.208 0.079 0.596 -0.106
8.450 -0.022 0.616 0.077 1.208 0.079 0.595 -0.106
8.470 -0.022 0.616 0.076 1.208 0.078 0.595 -0.105
8.490 -0.021 0.617 0.075 1.208 0.078 0.594 -0.105
8.510 -0.021 0.617 0.075 1.208 0.077 0.594 -0.104
8.530 -0.020 0.618 0.074 1.208 0.077 0.593 -0.104
8.550 -0.019 0.619 0.073 1.208 0.076 0.593 -0.103
8.570 -0.019 0.619 0.073 1.208 0.075 0.592 -0.103
8.590 -0.018 0.620 0.072 1.208 0.075 0.591 -0.102
8.610 -0.018 0.620 0.071 1.208 0.074 0.591 -0.102
8.630 -0.017 0.620 0.070 1.208 0.074 0.590 -0.101
8.650 -0.016 0.621 0.070 1.208 0.073 0.590 -0.101
8.670 -0.016 0.621 0.069 1.208 0.072 0.589 -0.100
8.690 -0.015 0.622 0.068 1.208 0.071 0.589 -0.100
8.710 -0.014 0.622 0.067 1.208 0.071 0.588 -0.099
8.730 -0.013 0.623 0.067 1.208 0.070 0.588 -0.099
8.750 -0.013 0.623 0.066 1.208 0.069 0.587 -0.098
8.770 -0.012 0.624 0.065 1.208 0.069 0.587 -0.098
8.790 -0.011 0.624 0.064 1.208 0.068 0.586 -0.097
8.810 -0.011 0.625 0.063 1.208 0.067 0.586 -0.097
8.830 -0.010 0.625 0.063 1.208 0.066 0.585 -0.096
8.850 -0.009 0.626 0.062 1.208 0.065 0.585 -0.096
8.870 -0.008 0.626 0.061 1.208 0.065 0.584 -0.095
8.890 -0.007 0.626 0.060 1.208 0.064 0.584 -0.095
8.910 -0.007 0.627 0.059 1.208 0.063 0.583 -0.094
8.930 -0.006 0.627 0.058 1.208 0.062 0.583 -0.093
8.950 -0.005 0.628 0.057 1.208 0.061 0.583 -0.093
8.970 -0.004 0.628 0.057 1.208 0.060 0.582 -0.092
8.990 -0.003 0.628 0.056 1.208 0.060 0.582 -0.092
9.010 -0.003 0.629 0.055 1.208 0.059 0.581 -0.091
9.030 -0.002 0.629 0.054 1.208 0.058 0.581 -0.090
9.050 -0.001 0.630 0.053 1.208 0.057 0.580 -0.090
9.070 0.000 0.630 0.052 1.208 0.056 0.580 -0.089
9.090 0.001 0.630 0.051 1.208 0.055 0.580 -0.088
9.110 0.002 0.631 0.050 1.208 0.054 0.579 -0.088
9.130 0.003 0.631 0.049 1.208 0.053 0.579 -0.087
9.150 0.004 0.631 0.048 1.208 0.052 0.578 -0.087
9.170 0.005 0.632 0.048 1.208 0.051 0.578 -0.086
9.190 0.005 0.632 0.047 1.208 0.050 0.578 -0.085
9.210 0.006 0.632 0.046 1.208 0.049 0.577 -0.085
9.230 0.007 0.633 0.045 1.208 0.048 0.577 -0.084
9.250 0.008 0.633 0.044 1.208 0.047 0.577 -0.083
9.270 0.009 0.633 0.043 1.208 0.046 0.576 -0.083
9.290 0.010 0.633 0.042 1.208 0.045 0.576 -0.082
9.310 0.011 0.634 0.041 1.208 0.044 0.576 -0.081
9.330 0.012 0.634 0.040 1.208 0.043 0.575 -0.081
9.350 0.013 0.634 0.039 1.208 0.042 0.575 -0.080
9.370 0.014 0.635 0.038 1.208 0.041 0.575 -0.079
9.390 0.015 0.635 0.037 1.208 0.040 0.574 -0.078
9.410 0.016 0.635 0.036 1.208 0.039 0.574 -0.078
9.430 0.017 0.635 0.035 1.208 0.038 0.574 -0.077
9.450 0.018 0.636 0.034 1.208 0.037 0.574 -0.076
9.470 0.019 0.636 0.033 1.208 0.036 0.573 -0.076
9.490 0.020 0.636 0.032 1.208 0.035 0.573 -0.075
9.510 0.021 0.636 0.031 1.208 0.034 0.573 -0.074
9.530 0.022 0.636 0.030 1.208 0.033 0.573 -0.073
9.550 0.023 0.637 0.029 1.208 0.032 0.572 -0.073
9.570 0.024 0.637 0.028 1.208 0.030 0.572 -0.072
9.590 0.025 0.637 0.027 1.208 0.029 0.572 -0.071
9.610 0.026 0.637 0.026 1.208 0.028 0.572 -0.071
9.630 0.027 0.637 0.025 1.208 0.027 0.571 -0.070
9.650 0.028 0.637 0.024 1.208 0.026 0.571 -0.069
9.670 0.029 0.638 0.023 1.208 0.025 0.571 -0.068
9.690 0.030 0.638 0.021 1.208 0.024 0.571 -0.068
9.710 0.032 0.638 0.020 1.208 0.023 0.571 -0.067
9.730 0.033 0.638 0.019 1.208 0.021 0.571 -0.066
9.750 0.034 0.638 0.018 1.208 0.020 0.570 -0.065
9.770 0.035 0.638 0.017 1.208 0.019 0.570 -0.065
9.790 0.036 0.638 0.016 1.208 0.018 0.570 -0.064
9.810 0.037 0.639 0.015 1.208 0.017 0.570 -0.063
9.830 0.038 0.639 0.014 1.208 0.016 0.570 -0.062
9.850 0.039 0.639 0.013 1.208 0.014 0.570 -0.062
9.870 0.040 0.639 0.012 1.208 0.013 0.570 -0.061
9.890 0.041 0.639 0.011 1.208 0.012 0.570 -0.060
9.910 0.042 0.639 0.010 1.208 0.011 0.570 -0.059
9.930 0.044 0.639 0.009 1.208 0.009 0.569 -0.059
9.950 0.045 0.639 0.007 1.208 0.008 0.569 -0.058
9.970 0.046 0.639 0.006 1.208 0.006 0.569 -0.057
9.990 0.047 0.639 0.005 1.208 0.005 0.569 -0.056
10.010 0.048 0.639 0.004 1.208 0.005 0.569 -0.056
10.020 0.048 0.639 0.004 1.208 0.005 0.569 -0.056
