0.000 -0.000 0.646 0.000 1.207 0.000 0.561 0.000
0.010 -0.000 0.646 0.000 1.207 0.000 0.561 0.000
0.030 0.000 0.646 -0.000 1.207 -0.000 0.561 0.000
0.050 0.002 0.646 -0.002 1.207 -0.002 0.561 0.001
0.070 0.003 0.646 -0.003 1.207 -0.003 0.561 0.002
0.090 0.005 0.646 -0.005 1.207 -0.005 0.561 0.003
0.110 0.006 0.646 -0.006 1.207 -0.007 0.561 0.004
0.130 0.008 0.646 -0.007 1.207 -0.008 0.561 0.005
0.150 0.009 0.646 -0.008 1.207 -0.010 0.561 0.006
0.170 0.010 0.646 -0.010 1.207 -0.011 0.561 0.007
0.190 0.012 0.646 -0.011 1.207 -0.012 0.562 0.007
0.210 0.013 0.646 -0.012 1.207 -0.014 0.562 0.008
0.230 0.014 0.646 -0.013 1.207 -0.015 0.562 0.009
0.250 0.015 0.646 -0.014 1.207 -0.016 0.562 0.010
0.270 0.017 0.645 -0.016 1.207 -0.018 0.562 0.011
0.290 0.018 0.645 -0.017 1.207 -0.019 0.562 0.012
0.310 0.019 0.645 -0.018 1.207 -0.020 0.562 0.012
0.330 0.020 0.645 -0.019 1.207 -0.022 0.562 0.013
0.350 0.022 0.645 -0.020 1.207 -0.023 0.563 0.014
0.370 0.023 0.645 -0.022 1.207 -0.024 0.563 0.015
0.390 0.024 0.645 -0.023 1.207 -0.026 0.563 0.016
0.410 0.025 0.644 -0.024 1.207 -0.027 0.563 0.017
0.430 0.027 0.644 -0.025 1.207 -0.028 0.563 0.017
0.450 0.028 0.644 -0.026 1.207 -0.030 0.564 0.018
0.470 0.029 0.644 -0.027 1.207 -0.031 0.564 0.019
0.490 0.030 0.644 -0.029 1.207 -0.032 0.564 0.020
0.510 0.032 0.644 -0.030 1.207 -0.033 0.564 0.021
0.530 0.033 0.643 -0.031 1.207 -0.035 0.564 0.021
0.550 0.034 0.643 -0.032 1.207 -0.036 0.565 0.022
0.570 0.035 0.643 -0.033 1.207 -0.037 0.565 0.023
0.590 0.036 0.643 -0.034 1.207 -0.039 0.565 0.024
0.610 0.038 0.642 -0.036 1.207 -0.040 0.565 0.025
0.630 0.039 0.642 -0.037 1.207 -0.041 0.566 0.025
0.650 0.040 0.642 -0.038 1.207 -0.042 0.566 0.026
0.670 0.041 0.642 -0.039 1.207 -0.044 0.566 0.027
0.690 0.042 0.641 -0.040 1.207 -0.045 0.567 0.028
0.710 0.044 0.641 -0.041 1.207 -0.046 0.567 0.028
0.730 0.045 0.641 -0.042 1.207 -0.047 0.567 0.029
0.750 0.046 0.641 -0.044 1.207 -0.048 0.568 0.030
0.770 0.047 0.640 -0.045 1.207 -0.050 0.568 0.031
0.790 0.048 0.640 -0.046 1.207 -0.051 0.568 0.031
0.810 0.049 0.640 -0.047 1.207 -0.052 0.569 0.032
0.830 0.050 0.639 -0.048 1.207 -0.053 0.569 0.033
0.850 0.051 0.639 -0.049 1.207 -0.054 0.570 0.034
0.870 0.053 0.639 -0.050 1.207 -0.055 0.570 0.034
0.890 0.054 0.638 -0.051 1.207 -0.057 0.570 0.035
0.910 0.055 0.638 -0.052 1.207 -0.058 0.571 0.036
0.930 0.056 0.638 -0.053 1.207 -0.059 0.571 0.037
0.950 0.057 0.637 -0.054 1.207 -0.060 0.572 0.037
0.970 0.058 0.637 -0.056 1.207 -0.061 0.572 0.038
0.990 0.059 0.636 -0.057 1.207 -0.062 0.572 0.039
1.010 0.060 0.636 -0.058 1.207 -0.063 0.573 0.039
1.030 0.061 0.636 -0.059 1.207 -0.064 0.573 0.040
1.050 0.062 0.635 -0.060 1.207 -0.065 0.574 0.041
1.070 0.063 0.635 -0.061 1.207 -0.066 0.574 0.042
1.090 0.064 0.634 -0.062 1.207 -0.067 0.575 0.042
1.110 0.065 0.634 -0.063 1.207 -0.068 0.575 0.043
1.130 0.066 0.634 -0.064 1.207 -0.069 0.576 0.044
1.150 0.067 0.633 -0.065 1.207 -0.070 0.576 0.044
1.170 0.068 0.633 -0.066 1.207 -0.071 0.577 0.045
1.190 0.069 0.632 -0.067 1.207 -0.072 0.577 0.046
1.210 0.070 0.632 -0.068 1.207 -0.073 0.578 0.046
1.230 0.071 0.631 -0.069 1.207 -0.074 0.578 0.047
1.250 0.072 0.631 -0.070 1.207 -0.075 0.579 0.047
1.270 0.073 0.630 -0.071 1.207 -0.076 0.579 0.048
1.290 0.073 0.630 -0.071 1.207 -0.077 0.580 0.049
1.310 0.074 0.629 -0.072 1.207 -0.078 0.581 0.049
1.330 0.075 0.629 -0.073 1.207 -0.079 0.581 0.050
1.350 0.076 0.628 -0.074 1.207 -0.079 0.582 0.050
1.370 0.077 0.628 -0.075 1.207 -0.080 0.582 0.051
1.390 0.078 0.627 -0.076 1.207 -0.081 0.583 0.052
1.410 0.079 0.627 -0.077 1.207 -0.082 0.583 0.052
1.430 0.079 0.626 -0.078 1.207 -0.083 0.584 0.053
1.450 0.080 0.626 -0.079 1.207 -0.083 0.585 0.053
1.470 0.081 0.625 -0.080 1.207 -0.084 0.585 0.054
1.490 0.082 0.625 -0.080 1.207 -0.085 0.586 0.054
1.510 0.082 0.624 -0.081 1.207 -0.086 0.587 0.055
1.530 0.083 0.623 -0.082 1.207 -0.086 0.587 0.055
1.550 0.084 0.623 -0.083 1.207 -0.087 0.588 0.056
1.570 0.085 0.622 -0.084 1.207 -0.088 0.588 0.056
1.590 0.085 0.622 -0.084 1.207 -0.088 0.589 0.057
1.610 0.086 0.621 -0.085 1.207 -0.089 0.590 0.057
1.630 0.087 0.621 -0.086 1.207 -0.090 0.590 0.058
1.650 0.087 0.620 -0.087 1.207 -0.090 0.591 0.058
1.670 0.088 0.619 -0.087 1.207 -0.091 0.592 0.059
1.690 0.089 0.619 -0.088 1.207 -0.092 0.592 0.059
1.710 0.089 0.618 -0.089 1.207 -0.092 0.593 0.060
1.730 0.090 0.617 -0.090 1.207 -0.093 0.594 0.060
1.750 0.090 0.617 -0.090 1.207 -0.093 0.594 0.061
1.770 0.091 0.616 -0.091 1.207 -0.094 0.595 0.061
1.790 0.092 0.616 -0.092 1.207 -0.094 0.596 0.061
1.810 0.092 0.615 -0.092 1.207 -0.095 0.596 0.062
1.830 0.093 0.614 -0.093 1.207 -0.095 0.597 0.062
1.850 0.093 0.614 -0.094 1.207 -0.096 0.598 0.063
1.870 0.094 0.613 -0.094 1.207 -0.096 0.599 0.063
1.890 0.094 0.612 -0.095 1.207 -0.097 0.599 0.063
1.910 0.095 0.612 -0.095 1.207 -0.097 0.600 0.064
1.930 0.095 0.611 -0.096 1.207 -0.097 0.601 0.064
1.950 0.096 0.610 -0.097 1.207 -0.098 0.601 0.064
1.970 0.096 0.610 -0.097 1.207 -0.098 0.602 0.065
1.990 0.097 0.609 -0.098 1.207 -0.099 0.603 0.065
2.010 0.097 0.608 -0.098 1.207 -0.099 0.604 0.065
2.030 0.097 0.608 -0.099 1.207 -0.099 0.604 0.065
2.050 0.098 0.607 -0.099 1.207 -0.100 0.605 0.066
2.070 0.098 0.606 -0.100 1.207 -0.100 0.606 0.066
2.090 0.099 0.606 -0.100 1.207 -0.100 0.606 0.066
2.110 0.099 0.605 -0.101 1.207 -0.100 0.607 0.066
2.130 0.099 0.604 -0.101 1.207 -0.101 0.608 0.067
2.150 0.100 0.603 -0.102 1.207 -0.101 0.609 0.067
2.170 0.100 0.603 -0.102 1.207 -0.101 0.609 0.067
2.190 0.100 0.602 -0.102 1.207 -0.101 0.610 0.067
2.210 0.100 0.601 -0.103 1.207 -0.101 0.611 0.067
2.230 0.101 0.601 -0.103 1.207 -0.101 0.612 0.068
2.250 0.101 0.600 -0.103 1.207 -0.102 0.612 0.068
2.270 0.101 0.599 -0.104 1.207 -0.102 0.613 0.068
2.290 0.101 0.598 -0.104 1.207 -0.102 0.614 0.068
2.310 0.102 0.598 -0.104 1.207 -0.102 0.615 0.068
2.330 0.102 0.597 -0.105 1.207 -0.102 0.615 0.068
2.350 0.102 0.596 -0.105 1.207 -0.102 0.616 0.068
2.370 0.102 0.595 -0.105 1.207 -0.102 0.617 0.068
2.390 0.102 0.595 -0.106 1.207 -0.102 0.618 0.068
2.410 0.103 0.594 -0.106 1.207 -0.102 0.618 0.069
2.430 0.103 0.593 -0.106 1.207 -0.102 0.619 0.069
2.450 0.103 0.593 -0.106 1.207 -0.102 0.620 0.069
2.470 0.103 0.592 -0.106 1.207 -0.102 0.621 0.069
2.490 0.103 0.591 -0.106 1.207 -0.102 0.621 0.069
2.510 0.103 0.590 -0.107 1.207 -0.102 0.622 0.069
2.530 0.103 0.590 -0.107 1.207 -0.102 0.623 0.068
2.550 0.103 0.589 -0.107 1.207 -0.102 0.624 0.068
2.570 0.103 0.588 -0.107 1.207 -0.102 0.624 0.068
2.590 0.103 0.587 -0.107 1.207 -0.101 0.625 0.068
2.610 0.103 0.587 -0.107 1.207 -0.101 0.626 0.068
2.630 0.103 0.586 -0.107 1.207 -0.101 0.627 0.068
2.650 0.103 0.585 -0.107 1.207 -0.101 0.627 0.068
2.670 0.103 0.584 -0.107 1.207 -0.101 0.628 0.068
2.690 0.103 0.584 -0.107 1.207 -0.100 0.629 0.068
2.710 0.103 0.583 -0.107 1.207 -0.100 0.629 0.068
2.730 0.103 0.582 -0.107 1.207 -0.100 0.630 0.067
2.750 0.103 0.581 -0.107 1.207 -0.100 0.631 0.067
2.770 0.103 0.581 -0.107 1.207 -0.099 0.632 0.067
2.790 0.103 0.580 -0.107 1.207 -0.099 0.632 0.067
2.810 0.103 0.579 -0.107 1.207 -0.099 0.633 0.067
2.830 0.102 0.578 -0.107 1.207 -0.098 0.634 0.066
2.850 0.102 0.578 -0.107 1.207 -0.098 0.635 0.066
2.870 0.102 0.577 -0.106 1.207 -0.098 0.635 0.066
2.890 0.102 0.576 -0.106 1.207 -0.097 0.636 0.066
2.910 0.102 0.575 -0.106 1.207 -0.097 0.637 0.065
2.930 0.102 0.575 -0.106 1.207 -0.097 0.637 0.065
2.950 0.101 0.574 -0.106 1.207 -0.096 0.638 0.065
2.970 0.101 0.573 -0.105 1.207 -0.096 0.639 0.064
2.990 0.101 0.572 -0.105 1.207 -0.095 0.640 0.064
3.010 0.101 0.572 -0.105 1.207 -0.095 0.640 0.064
3.030 0.100 0.571 -0.104 1.207 -0.094 0.641 0.063
3.050 0.100 0.570 -0.104 1.207 -0.094 0.642 0.063
3.070 0.100 0.570 -0.104 1.207 -0.093 0.642 0.063
3.090 0.100 0.569 -0.103 1.207 -0.093 0.643 0.062
3.110 0.099 0.568 -0.103 1.207 -0.092 0.644 0.062
3.130 0.099 0.567 -0.103 1.207 -0.092 0.644 0.061
3.150 0.099 0.567 -0.102 1.207 -0.091 0.645 0.061
3.170 0.098 0.566 -0.102 1.207 -0.091 0.646 0.060
3.190 0.098 0.565 -0.101 1.207 -0.090 0.646 0.060
3.210 0.098 0.565 -0.101 1.207 -0.090 0.647 0.059
3.230 0.097 0.564 -0.100 1.207 -0.089 0.648 0.059
3.250 0.097 0.563 -0.100 1.207 -0.088 0.648 0.058
3.270 0.096 0.562 -0.099 1.207 -0.088 0.649 0.058
3.290 0.096 0.562 -0.099 1.207 -0.087 0.650 0.057
3.310 0.096 0.561 -0.098 1.207 -0.086 0.650 0.057
3.330 0.095 0.560 -0.098 1.207 -0.086 0.651 0.056
3.350 0.095 0.560 -0.097 1.207 -0.085 0.651 0.055
3.370 0.094 0.559 -0.097 1.207 -0.084 0.652 0.055
3.390 0.094 0.558 -0.096 1.207 -0.084 0.653 0.054
3.410 0.093 0.558 -0.095 1.207 -0.083 0.653 0.054
3.430 0.093 0.557 -0.095 1.207 -0.082 0.654 0.053
3.450 0.093 0.556 -0.094 1.207 -0.082 0.654 0.052
3.470 0.092 0.556 -0.093 1.207 -0.081 0.655 0.052
3.490 0.092 0.555 -0.093 1.207 -0.080 0.656 0.051
3.510 0.091 0.554 -0.092 1.207 -0.079 0.656 0.050
3.530 0.091 0.554 -0.091 1.207 -0.079 0.657 0.050
3.550 0.090 0.553 -0.091 1.207 -0.078 0.657 0.049
3.570 0.090 0.553 -0.090 1.207 -0.077 0.658 0.048
3.590 0.089 0.552 -0.089 1.207 -0.076 0.658 0.047
3.610 0.088 0.551 -0.088 1.207 -0.075 0.659 0.047
3.630 0.088 0.551 -0.087 1.207 -0.075 0.660 0.046
3.650 0.087 0.550 -0.087 1.207 -0.074 0.660 0.045
3.670 0.087 0.550 -0.086 1.207 -0.073 0.661 0.044
3.690 0.086 0.549 -0.085 1.207 -0.072 0.661 0.043
3.710 0.086 0.548 -0.084 1.207 -0.071 0.662 0.043
3.730 0.085 0.548 -0.083 1.207 -0.070 0.662 0.042
3.750 0.084 0.547 -0.082 1.207 -0.070 0.663 0.041
3.770 0.084 0.547 -0.081 1.207 -0.069 0.663 0.040
3.790 0.083 0.546 -0.080 1.207 -0.068 0.664 0.039
3.810 0.083 0.546 -0.080 1.207 -0.067 0.664 0.038
3.830 0.082 0.545 -0.079 1.207 -0.066 0.665 0.037
3.850 0.081 0.545 -0.078 1.207 -0.065 0.665 0.036
3.870 0.081 0.544 -0.077 1.207 -0.064 0.666 0.035
3.890 0.080 0.543 -0.076 1.207 -0.063 0.666 0.035
3.910 0.079 0.543 -0.075 1.207 -0.062 0.666 0.034
3.930 0.079 0.542 -0.074 1.207 -0.061 0.667 0.033
3.950 0.078 0.542 -0.073 1.207 -0.060 0.667 0.032
3.970 0.077 0.541 -0.071 1.207 -0.059 0.668 0.031
3.990 0.077 0.541 -0.070 1.207 -0.059 0.668 0.030
4.010 0.076 0.541 -0.069 1.207 -0.058 0.669 0.029
4.030 0.075 0.540 -0.068 1.207 -0.057 0.669 0.028
4.050 0.075 0.540 -0.067 1.207 -0.056 0.669 0.027
4.070 0.074 0.539 -0.066 1.207 -0.055 0.670 0.026
4.090 0.073 0.539 -0.065 1.207 -0.054 0.670 0.025
4.110 0.072 0.538 -0.064 1.207 -0.053 0.671 0.024
4.130 0.072 0.538 -0.063 1.207 -0.052 0.671 0.022
4.150 0.071 0.537 -0.061 1.207 -0.051 0.671 0.021
4.170 0.070 0.537 -0.060 1.207 -0.050 0.672 0.020
4.190 0.070 0.537 -0.059 1.207 -0.049 0.672 0.019
4.210 0.069 0.536 -0.058 1.207 -0.047 0.672 0.018
4.230 0.068 0.536 -0.057 1.207 -0.046 0.673 0.017
4.250 0.067 0.535 -0.055 1.207 -0.045 0.673 0.016
4.270 0.067 0.535 -0.054 1.207 -0.044 0.673 0.015
4.290 0.066 0.535 -0.053 1.207 -0.043 0.674 0.014
4.310 0.065 0.534 -0.052 1.207 -0.042 0.674 0.013
4.330 0.064 0.534 -0.051 1.207 -0.041 0.674 0.011
4.350 0.063 0.534 -0.049 1.207 -0.040 0.675 0.010
4.370 0.063 0.533 -0.048 1.207 -0.039 0.675 0.009
4.390 0.062 0.533 -0.047 1.207 -0.038 0.675 0.008
4.410 0.061 0.533 -0.045 1.207 -0.037 0.675 0.007
4.430 0.060 0.532 -0.044 1.207 -0.036 0.676 0.006
4.450 0.060 0.532 -0.043 1.207 -0.035 0.676 0.004
4.470 0.059 0.532 -0.041 1.207 -0.034 0.676 0.003
4.490 0.058 0.531 -0.040 1.207 -0.033 0.676 0.002
4.510 0.057 0.531 -0.039 1.207 -0.031 0.677 0.001
4.530 0.056 0.531 -0.037 1.207 -0.030 0.677 -0.000
4.550 0.056 0.531 -0.036 1.207 -0.029 0.677 -0.002
4.570 0.055 0.530 -0.035 1.207 -0.028 0.677 -0.003
4.590 0.054 0.530 -0.033 1.207 -0.027 0.677 -0.004
4.610 0.053 0.530 -0.032 1.207 -0.026 0.678 -0.005
4.630 0.052 0.530 -0.031 1.207 -0.025 0.678 -0.007
4.650 0.052 0.530 -0.029 1.207 -0.024 0.678 -0.008
4.670 0.051 0.529 -0.028 1.207 -0.023 0.678 -0.009
4.690 0.050 0.529 -0.027 1.207 -0.021 0.678 -0.010
4.710 0.049 0.529 -0.025 1.207 -0.020 0.678 -0.012
4.730 0.048 0.529 -0.024 1.207 -0.019 0.679 -0.013
4.750 0.047 0.529 -0.022 1.207 -0.018 0.679 -0.014
4.770 0.047 0.529 -0.021 1.207 -0.017 0.679 -0.015
4.790 0.046 0.528 -0.020 1.207 -0.016 0.679 -0.017
4.810 0.045 0.528 -0.018 1.207 -0.015 0.679 -0.018
4.830 0.044 0.528 -0.017 1.207 -0.013 0.679 -0.019
4.850 0.043 0.528 -0.015 1.207 -0.012 0.679 -0.020
4.870 0.042 0.528 -0.014 1.207 -0.011 0.679 -0.022
4.890 0.042 0.528 -0.012 1.207 -0.010 0.679 -0.023
4.910 0.041 0.528 -0.011 1.207 -0.009 0.679 -0.024
4.930 0.040 0.528 -0.010 1.207 -0.008 0.680 -0.026
4.950 0.039 0.528 -0.008 1.207 -0.007 0.680 -0.027
4.970 0.038 0.528 -0.007 1.207 -0.005 0.680 -0.028
4.990 0.037 0.528 -0.005 1.207 -0.004 0.680 -0.029
5.010 0.037 0.528 -0.004 1.207 -0.003 0.680 -0.031
5.030 0.036 0.528 -0.002 1.207 -0.002 0.680 -0.032
5.050 0.035 0.528 -0.001 1.207 -0.001 0.680 -0.033
5.070 0.034 0.528 0.000 1.207 0.000 0.680 -0.035
5.090 0.033 0.528 0.002 1.207 0.001 0.680 -0.036
5.110 0.032 0.528 0.003 1.207 0.003 0.680 -0.037
5.130 0.032 0.528 0.005 1.207 0.004 0.680 -0.039
5.150 0.031 0.528 0.006 1.207 0.005 0.680 -0.040
5.170 0.030 0.528 0.008 1.207 0.006 0.680 -0.041
5.190 0.029 0.528 0.009 1.207 0.007 0.680 -0.042
5.210 0.028 0.528 0.010 1.207 0.008 0.680 -0.044
5.230 0.027 0.528 0.012 1.207 0.009 0.679 -0.045
5.250 0.027 0.528 0.013 1.207 0.011 0.679 -0.046
5.270 0.026 0.528 0.015 1.207 0.012 0.679 -0.048
5.290 0.025 0.528 0.016 1.207 0.013 0.679 -0.049
5.310 0.024 0.528 0.018 1.207 0.014 0.679 -0.050
5.330 0.023 0.528 0.019 1.207 0.015 0.679 -0.051
5.350 0.022 0.529 0.020 1.207 0.016 0.679 -0.053
5.370 0.022 0.529 0.022 1.207 0.017 0.679 -0.054
5.390 0.021 0.529 0.023 1.207 0.019 0.679 -0.055
5.410 0.020 0.529 0.025 1.207 0.020 0.679 -0.057
5.430 0.019 0.529 0.026 1.207 0.021 0.678 -0.058
5.450 0.018 0.529 0.027 1.207 0.022 0.678 -0.059
5.470 0.018 0.530 0.029 1.207 0.023 0.678 -0.060
5.490 0.017 0.530 0.030 1.207 0.024 0.678 -0.062
5.510 0.016 0.530 0.031 1.207 0.025 0.678 -0.063
5.530 0.015 0.530 0.033 1.207 0.026 0.678 -0.064
5.550 0.014 0.530 0.034 1.207 0.028 0.677 -0.065
5.570 0.013 0.531 0.036 1.207 0.029 0.677 -0.066
5.590 0.013 0.531 0.037 1.207 0.030 0.677 -0.068
5.610 0.012 0.531 0.038 1.207 0.031 0.677 -0.069
5.630 0.011 0.531 0.040 1.207 0.032 0.676 -0.070
5.650 0.010 0.532 0.041 1.207 0.033 0.676 -0.071
5.670 0.009 0.532 0.042 1.207 0.034 0.676 -0.073
5.690 0.009 0.532 0.043 1.207 0.035 0.676 -0.074
5.710 0.008 0.533 0.045 1.207 0.036 0.676 -0.075
5.730 0.007 0.533 0.046 1.207 0.037 0.675 -0.076
5.750 0.006 0.533 0.047 1.207 0.039 0.675 -0.077
5.770 0.006 0.533 0.049 1.207 0.040 0.675 -0.078
5.790 0.005 0.534 0.050 1.207 0.041 0.674 -0.080
5.810 0.004 0.534 0.051 1.207 0.042 0.674 -0.081
5.830 0.003 0.534 0.052 1.207 0.043 0.674 -0.082
5.850 0.003 0.535 0.054 1.207 0.044 0.674 -0.083
5.870 0.002 0.535 0.055 1.207 0.045 0.673 -0.084
5.890 0.001 0.536 0.056 1.207 0.046 0.673 -0.085
5.910 0.000 0.536 0.057 1.207 0.047 0.673 -0.086
5.930 -0.000 0.536 0.059 1.207 0.048 0.672 -0.087
5.950 -0.001 0.537 0.060 1.207 0.049 0.672 -0.089
5.970 -0.002 0.537 0.061 1.207 0.050 0.671 -0.090
5.990 -0.003 0.538 0.062 1.207 0.051 0.671 -0.091
6.010 -0.003 0.538 0.063 1.207 0.052 0.671 -0.092
6.030 -0.004 0.538 0.064 1.207 0.053 0.670 -0.093
6.050 -0.005 0.539 0.065 1.207 0.054 0.670 -0.094
6.070 -0.005 0.539 0.067 1.207 0.055 0.670 -0.095
6.090 -0.006 0.540 0.068 1.207 0.056 0.669 -0.096
6.110 -0.007 0.540 0.069 1.207 0.057 0.669 -0.097
6.130 -0.008 0.541 0.070 1.207 0.058 0.668 -0.098
6.150 -0.008 0.541 0.071 1.207 0.059 0.668 -0.099
6.170 -0.009 0.542 0.072 1.207 0.060 0.668 -0.100
6.190 -0.010 0.542 0.073 1.207 0.061 0.667 -0.101
6.210 -0.010 0.543 0.074 1.207 0.062 0.667 -0.102
6.230 -0.011 0.543 0.075 1.207 0.063 0.666 -0.103
6.250 -0.012 0.544 0.076 1.207 0.064 0.666 -0.104
6.270 -0.012 0.544 0.077 1.207 0.065 0.665 -0.105
6.290 -0.013 0.545 0.078 1.207 0.066 0.665 -0.106
6.310 -0.013 0.545 0.079 1.207 0.066 0.664 -0.107
6.330 -0.014 0.546 0.080 1.207 0.067 0.664 -0.107
6.350 -0.015 0.546 0.081 1.207 0.068 0.663 -0.108
6.370 -0.015 0.547 0.082 1.207 0.069 0.663 -0.109
6.390 -0.016 0.548 0.083 1.207 0.070 0.662 -0.110
6.410 -0.016 0.548 0.084 1.207 0.071 0.662 -0.111
6.430 -0.017 0.549 0.085 1.207 0.072 0.661 -0.112
6.450 -0.018 0.549 0.085 1.207 0.073 0.661 -0.113
6.470 -0.018 0.550 0.086 1.207 0.073 0.660 -0.113
6.490 -0.019 0.550 0.087 1.207 0.074 0.660 -0.114
6.510 -0.019 0.551 0.088 1.207 0.075 0.659 -0.115
6.530 -0.020 0.552 0.089 1.207 0.076 0.659 -0.116
6.550 -0.020 0.552 0.089 1.207 0.077 0.658 -0.117
6.570 -0.021 0.553 0.090 1.207 0.077 0.658 -0.117
6.590 -0.021 0.554 0.091 1.207 0.078 0.657 -0.118
6.610 -0.022 0.554 0.092 1.207 0.079 0.656 -0.119
6.630 -0.022 0.555 0.092 1.207 0.080 0.656 -0.119
6.650 -0.023 0.555 0.093 1.207 0.081 0.655 -0.120
6.670 -0.023 0.556 0.094 1.207 0.081 0.655 -0.121
6.690 -0.024 0.557 0.094 1.207 0.082 0.654 -0.122
6.710 -0.024 0.557 0.095 1.207 0.083 0.654 -0.122
6.730 -0.025 0.558 0.096 1.207 0.083 0.653 -0.123
6.750 -0.025 0.559 0.096 1.207 0.084 0.652 -0.123
6.770 -0.026 0.559 0.097 1.207 0.085 0.652 -0.124
6.790 -0.026 0.560 0.098 1.207 0.085 0.651 -0.125
6.810 -0.027 0.561 0.098 1.207 0.086 0.650 -0.125
6.830 -0.027 0.561 0.099 1.207 0.087 0.650 -0.126
6.850 -0.027 0.562 0.099 1.207 0.087 0.649 -0.126
6.870 -0.028 0.563 0.100 1.207 0.088 0.649 -0.127
6.890 -0.028 0.564 0.100 1.207 0.089 0.648 -0.128
6.910 -0.028 0.564 0.101 1.207 0.089 0.647 -0.128
6.930 -0.029 0.565 0.101 1.207 0.090 0.647 -0.129
6.950 -0.029 0.566 0.102 1.207 0.090 0.646 -0.129
6.970 -0.029 0.566 0.102 1.207 0.091 0.645 -0.130
6.990 -0.030 0.567 0.102 1.207 0.092 0.645 -0.130
7.010 -0.030 0.568 0.103 1.207 0.092 0.644 -0.130
7.030 -0.030 0.568 0.103 1.207 0.093 0.643 -0.131
7.050 -0.031 0.569 0.104 1.207 0.093 0.643 -0.131
7.070 -0.031 0.570 0.104 1.207 0.094 0.642 -0.132
7.090 -0.031 0.571 0.104 1.207 0.094 0.641 -0.132
7.110 -0.032 0.571 0.105 1.207 0.095 0.641 -0.132
7.130 -0.032 0.572 0.105 1.207 0.095 0.640 -0.133
7.150 -0.032 0.573 0.105 1.207 0.096 0.639 -0.133
7.170 -0.032 0.574 0.105 1.207 0.096 0.638 -0.134
7.190 -0.032 0.574 0.106 1.207 0.096 0.638 -0.134
7.210 -0.033 0.575 0.106 1.207 0.097 0.637 -0.134
7.230 -0.033 0.576 0.106 1.207 0.097 0.636 -0.134
7.250 -0.033 0.576 0.106 1.207 0.098 0.636 -0.135
7.270 -0.033 0.577 0.106 1.207 0.098 0.635 -0.135
7.290 -0.033 0.578 0.107 1.207 0.098 0.634 -0.135
7.310 -0.033 0.579 0.107 1.207 0.099 0.633 -0.136
7.330 -0.034 0.579 0.107 1.207 0.099 0.633 -0.136
7.350 -0.034 0.580 0.107 1.207 0.099 0.632 -0.136
7.370 -0.034 0.581 0.107 1.207 0.100 0.631 -0.136
7.390 -0.034 0.582 0.107 1.207 0.100 0.631 -0.136
7.410 -0.034 0.582 0.107 1.207 0.100 0.630 -0.137
7.430 -0.034 0.583 0.107 1.207 0.100 0.629 -0.137
7.450 -0.034 0.584 0.107 1.207 0.101 0.628 -0.137
7.470 -0.034 0.585 0.107 1.207 0.101 0.628 -0.137
7.490 -0.034 0.585 0.107 1.207 0.101 0.627 -0.137
7.510 -0.034 0.586 0.107 1.207 0.101 0.626 -0.137
7.530 -0.034 0.587 0.107 1.207 0.101 0.625 -0.137
7.550 -0.034 0.588 0.107 1.207 0.101 0.625 -0.137
7.570 -0.034 0.588 0.107 1.207 0.102 0.624 -0.137
7.590 -0.034 0.589 0.107 1.207 0.102 0.623 -0.137
7.610 -0.034 0.590 0.107 1.207 0.102 0.622 -0.138
7.630 -0.034 0.591 0.107 1.207 0.102 0.622 -0.138
7.650 -0.034 0.591 0.106 1.207 0.102 0.621 -0.138
7.670 -0.034 0.592 0.106 1.207 0.102 0.620 -0.138
7.690 -0.034 0.593 0.106 1.207 0.102 0.619 -0.138
7.710 -0.034 0.594 0.106 1.207 0.102 0.619 -0.138
7.730 -0.033 0.594 0.106 1.207 0.102 0.618 -0.137
7.750 -0.033 0.595 0.105 1.207 0.102 0.617 -0.137
7.770 -0.033 0.596 0.105 1.207 0.102 0.616 -0.137
7.790 -0.033 0.597 0.105 1.207 0.102 0.616 -0.137
7.810 -0.033 0.597 0.105 1.207 0.102 0.615 -0.137
7.830 -0.033 0.598 0.104 1.207 0.102 0.614 -0.137
7.850 -0.032 0.599 0.104 1.207 0.102 0.613 -0.137
7.870 -0.032 0.599 0.104 1.207 0.102 0.613 -0.137
7.890 -0.032 0.600 0.103 1.207 0.102 0.612 -0.137
7.910 -0.032 0.601 0.103 1.207 0.101 0.611 -0.137
7.930 -0.031 0.602 0.103 1.207 0.101 0.610 -0.136
7.950 -0.031 0.602 0.102 1.207 0.101 0.610 -0.136
7.970 -0.031 0.603 0.102 1.207 0.101 0.609 -0.136
7.990 -0.030 0.604 0.101 1.207 0.101 0.608 -0.136
8.010 -0.030 0.604 0.101 1.207 0.100 0.608 -0.136
8.030 -0.030 0.605 0.100 1.207 0.100 0.607 -0.135
8.050 -0.029 0.606 0.100 1.207 0.100 0.606 -0.135
8.070 -0.029 0.607 0.099 1.207 0.100 0.605 -0.135
8.090 -0.029 0.607 0.099 1.207 0.099 0.605 -0.135
8.110 -0.028 0.608 0.098 1.207 0.099 0.604 -0.134
8.130 -0.028 0.609 0.098 1.207 0.099 0.603 -0.134
8.150 -0.027 0.609 0.097 1.207 0.098 0.602 -0.134
8.170 -0.027 0.610 0.097 1.207 0.098 0.602 -0.133
8.190 -0.027 0.611 0.096 1.207 0.098 0.601 -0.133
8.210 -0.026 0.611 0.096 1.207 0.097 0.600 -0.133
8.230 -0.026 0.612 0.095 1.207 0.097 0.600 -0.132
8.250 -0.025 0.613 0.095 1.207 0.096 0.599 -0.132
8.270 -0.025 0.613 0.094 1.207 0.096 0.598 -0.132
8.290 -0.024 0.614 0.093 1.207 0.096 0.597 -0.131
8.310 -0.024 0.615 0.093 1.207 0.095 0.597 -0.131
8.330 -0.023 0.615 0.092 1.207 0.095 0.596 -0.131
8.350 -0.022 0.616 0.091 1.207 0.094 0.595 -0.130
8.370 -0.022 0.617 0.091 1.207 0.094 0.595 -0.130
8.390 -0.021 0.617 0.090 1.207 0.093 0.594 -0.129
8.410 -0.021 0.618 0.089 1.207 0.092 0.593 -0.129
8.430 -0.020 0.618 0.089 1.207 0.092 0.593 -0.128
8.450 -0.019 0.619 0.088 1.207 0.091 0.592 -0.128
8.470 -0.019 0.620 0.087 1.207 0.091 0.591 -0.128
8.490 -0.018 0.620 0.086 1.207 0.090 0.591 -0.127
8.510 -0.017 0.621 0.086 1.207 0.089 0.590 -0.127
8.530 -0.017 0.621 0.085 1.207 0.089 0.589 -0.126
8.550 -0.016 0.622 0.084 1.207 0.088 0.589 -0.126
8.570 -0.015 0.623 0.083 1.207 0.087 0.588 -0.125
8.590 -0.015 0.623 0.082 1.207 0.087 0.587 -0.125
8.610 -0.014 0.624 0.082 1.207 0.086 0.587 -0.124
8.630 -0.013 0.624 0.081 1.207 0.085 0.586 -0.124
8.650 -0.012 0.625 0.080 1.207 0.085 0.586 -0.123
8.670 -0.012 0.625 0.079 1.207 0.084 0.585 -0.122
8.690 -0.011 0.626 0.078 1.207 0.083 0.584 -0.122
8.710 -0.010 0.626 0.077 1.207 0.082 0.584 -0.121
8.730 -0.009 0.627 0.076 1.207 0.081 0.583 -0.121
8.750 -0.008 0.628 0.076 1.207 0.081 0.583 -0.120
8.770 -0.008 0.628 0.075 1.207 0.080 0.582 -0.120
8.790 -0.007 0.629 0.074 1.207 0.079 0.581 -0.119
8.810 -0.006 0.629 0.073 1.207 0.078 0.581 -0.118
8.830 -0.005 0.630 0.072 1.207 0.077 0.580 -0.118
8.850 -0.004 0.630 0.071 1.207 0.076 0.580 -0.117
8.870 -0.003 0.631 0.070 1.207 0.075 0.579 -0.117
8.890 -0.002 0.631 0.069 1.207 0.075 0.579 -0.116
8.910 -0.001 0.631 0.068 1.207 0.074 0.578 -0.115
8.930 -0.000 0.632 0.067 1.207 0.073 0.578 -0.115
8.950 0.000 0.632 0.066 1.207 0.072 0.577 -0.114
8.970 0.001 0.633 0.065 1.207 0.071 0.577 -0.113
8.990 0.002 0.633 0.064 1.207 0.070 0.576 -0.113
9.010 0.003 0.634 0.063 1.207 0.069 0.576 -0.112
9.030 0.004 0.634 0.062 1.207 0.068 0.575 -0.111
9.050 0.005 0.635 0.061 1.207 0.067 0.575 -0.111
9.070 0.006 0.635 0.060 1.207 0.066 0.574 -0.110
9.090 0.007 0.635 0.059 1.207 0.065 0.574 -0.109
9.110 0.008 0.636 0.058 1.207 0.064 0.573 -0.109
9.130 0.009 0.636 0.057 1.207 0.063 0.573 -0.108
9.150 0.010 0.637 0.056 1.207 0.062 0.572 -0.107
9.170 0.011 0.637 0.055 1.207 0.060 0.572 -0.106
9.190 0.012 0.637 0.054 1.207 0.059 0.571 -0.106
9.210 0.014 0.638 0.053 1.207 0.058 0.571 -0.105
9.230 0.015 0.638 0.052 1.207 0.057 0.571 -0.104
9.250 0.016 0.638 0.051 1.207 0.056 0.570 -0.104
9.270 0.017 0.639 0.050 1.207 0.055 0.570 -0.103
9.290 0.018 0.639 0.049 1.207 0.054 0.569 -0.102
9.310 0.019 0.639 0.047 1.207 0.053 0.569 -0.101
9.330 0.020 0.640 0.046 1.207 0.051 0.569 -0.101
9.350 0.021 0.640 0.045 1.207 0.050 0.568 -0.100
9.370 0.022 0.640 0.044 1.207 0.049 0.568 -0.099
9.390 0.024 0.641 0.043 1.207 0.048 0.568 -0.098
9.410 0.025 0.641 0.042 1.207 0.047 0.567 -0.098
9.430 0.026 0.641 0.041 1.207 0.045 0.567 -0.097
9.450 0.027 0.642 0.040 1.207 0.044 0.567 -0.096
9.470 0.028 0.642 0.038 1.207 0.043 0.566 -0.095
9.490 0.029 0.642 0.037 1.207 0.042 0.566 -0.094
9.510 0.031 0.642 0.036 1.207 0.040 0.566 -0.094
9.530 0.032 0.643 0.035 1.207 0.039 0.565 -0.093
9.550 0.033 0.643 0.034 1.207 0.038 0.565 -0.092
9.570 0.034 0.643 0.033 1.207 0.037 0.565 -0.091
9.590 0.035 0.643 0.032 1.207 0.035 0.565 -0.090
9.610 0.037 0.643 0.030 1.207 0.034 0.564 -0.090
9.630 0.038 0.644 0.029 1.207 0.033 0.564 -0.089
9.650 0.039 0.644 0.028 1.207 0.032 0.564 -0.088
9.670 0.040 0.644 0.027 1.207 0.030 0.564 -0.087
9.690 0.041 0.644 0.026 1.207 0.029 0.563 -0.086
9.710 0.043 0.644 0.025 1.207 0.028 0.563 -0.086
9.730 0.044 0.645 0.023 1.207 0.026 0.563 -0.085
9.750 0.045 0.645 0.022 1.207 0.025 0.563 -0.084
9.770 0.046 0.645 0.021 1.207 0.024 0.563 -0.083
9.790 0.048 0.645 0.020 1.207 0.022 0.562 -0.082
9.810 0.049 0.645 0.019 1.207 0.021 0.562 -0.082
9.830 0.050 0.645 0.017 1.207 0.020 0.562 -0.081
9.850 0.051 0.645 0.016 1.207 0.018 0.562 -0.080
9.870 0.053 0.645 0.015 1.207 0.017 0.562 -0.079
9.890 0.054 0.646 0.014 1.207 0.016 0.562 -0.078
9.910 0.055 0.646 0.013 1.207 0.014 0.562 -0.077
9.930 0.057 0.646 0.011 1.207 0.013 0.562 -0.076
9.950 0.058 0.646 0.010 1.207 0.011 0.561 -0.075
9.970 0.060 0.646 0.008 1.207 0.009 0.561 -0.074
9.990 0.061 0.646 0.007 1.207 0.008 0.561 -0.074
10.010 0.062 0.646 0.007 1.207 0.007 0.561 -0.073
10.020 0.062 0.646 0.007 1.207 0.007 0.561 -0.073
