0.000 0.000 0.000 0.000 0.000 0.000 0.000 0.000
0.010 0.000 0.000 0.000 0.000 0.000 0.000 0.000
0.020 0.015 -0.000 -0.014 0.000 -0.016 0.000 0.008
0.030 0.028 -0.000 -0.026 0.000 -0.031 0.000 0.015
0.040 0.040 -0.001 -0.037 0.000 -0.044 0.001 0.021
0.050 0.050 -0.001 -0.046 0.000 -0.055 0.001 0.026
0.060 0.058 -0.001 -0.054 0.000 -0.064 0.001 0.031
0.070 0.066 -0.001 -0.061 0.000 -0.072 0.001 0.035
0.080 0.071 -0.001 -0.066 0.000 -0.078 0.001 0.038
0.090 0.075 -0.001 -0.069 0.000 -0.083 0.002 0.040
0.100 0.078 -0.001 -0.072 0.000 -0.085 0.002 0.041
0.110 0.078 -0.001 -0.073 0.000 -0.086 0.002 0.042
0.120 0.078 -0.001 -0.072 0.000 -0.086 0.002 0.041
0.130 0.076 -0.002 -0.070 0.000 -0.083 0.002 0.040
0.140 0.072 -0.002 -0.067 0.000 -0.079 0.002 0.038
0.150 0.067 -0.002 -0.062 0.000 -0.073 0.002 0.035
0.160 0.060 -0.002 -0.055 0.000 -0.066 0.002 0.032
0.170 0.059 -0.002 -0.054 -0.000 -0.065 0.002 0.031
0.180 0.059 -0.002 -0.054 -0.000 -0.065 0.003 0.031
0.190 0.059 -0.002 -0.054 -0.000 -0.065 0.003 0.031
0.200 0.059 -0.003 -0.054 -0.000 -0.065 0.003 0.031
0.210 0.059 -0.003 -0.054 -0.000 -0.065 0.004 0.031
0.220 0.059 -0.003 -0.054 -0.000 -0.065 0.004 0.031
0.230 0.059 -0.003 -0.054 -0.000 -0.065 0.004 0.031
0.240 0.059 -0.003 -0.054 -0.000 -0.065 0.004 0.031
0.250 0.059 -0.004 -0.054 -0.000 -0.064 0.004 0.031
0.260 0.059 -0.004 -0.054 -0.000 -0.064 0.005 0.031
0.270 0.059 -0.004 -0.054 -0.000 -0.064 0.005 0.031
0.280 0.058 -0.004 -0.054 -0.000 -0.064 0.005 0.031
0.290 0.058 -0.004 -0.054 -0.000 -0.064 0.005 0.031
0.300 0.058 -0.004 -0.054 -0.000 -0.064 0.005 0.031
0.310 0.058 -0.004 -0.054 -0.000 -0.064 0.005 0.031
0.320 0.058 -0.004 -0.054 0.000 -0.064 0.005 0.031
0.330 0.058 -0.004 -0.054 0.000 -0.064 0.005 0.031
0.340 0.058 -0.005 -0.054 0.000 -0.064 0.006 0.031
0.350 0.058 -0.005 -0.054 0.000 -0.064 0.006 0.031
0.360 0.058 -0.005 -0.054 0.000 -0.064 0.006 0.031
0.370 0.058 -0.005 -0.054 0.000 -0.064 0.006 0.031
0.380 0.058 -0.005 -0.054 0.000 -0.064 0.007 0.031
0.390 0.058 -0.005 -0.054 0.000 -0.064 0.007 0.031
0.400 0.058 -0.006 -0.054 0.000 -0.064 0.007 0.031
0.410 0.058 -0.006 -0.054 0.000 -0.064 0.007 0.031
0.420 0.058 -0.006 -0.054 0.000 -0.064 0.007 0.031
0.430 0.058 -0.006 -0.054 0.000 -0.064 0.007 0.031
0.440 0.058 -0.006 -0.054 0.000 -0.064 0.007 0.031
0.450 0.058 -0.006 -0.054 0.000 -0.064 0.008 0.031
0.460 0.058 -0.006 -0.054 0.000 -0.063 0.008 0.031
0.470 0.058 -0.006 -0.054 0.000 -0.063 0.008 0.031
0.480 0.058 -0.006 -0.054 0.000 -0.063 0.008 0.031
0.490 0.058 -0.007 -0.054 0.000 -0.063 0.008 0.031
0.500 0.058 -0.007 -0.054 0.000 -0.063 0.009 0.031
0.510 0.058 -0.007 -0.054 0.000 -0.063 0.009 0.031
0.520 0.058 -0.007 -0.054 0.000 -0.063 0.009 0.031
0.530 0.057 -0.007 -0.054 0.000 -0.063 0.009 0.031
0.540 0.057 -0.007 -0.054 0.000 -0.063 0.009 0.031
0.550 0.057 -0.008 -0.054 0.000 -0.063 0.009 0.031
0.560 0.057 -0.008 -0.054 0.000 -0.063 0.010 0.031
0.570 0.057 -0.008 -0.054 0.000 -0.063 0.010 0.030
0.580 0.057 -0.008 -0.054 0.000 -0.063 0.010 0.030
0.590 0.057 -0.008 -0.054 0.000 -0.063 0.010 0.030
0.600 0.057 -0.008 -0.054 0.000 -0.062 0.010 0.030
0.610 0.057 -0.008 -0.053 0.000 -0.062 0.010 0.030
0.620 0.057 -0.008 -0.053 0.000 -0.062 0.010 0.030
0.630 0.057 -0.009 -0.053 0.000 -0.062 0.011 0.030
0.640 0.057 -0.009 -0.053 0.000 -0.062 0.011 0.030
0.650 0.057 -0.009 -0.053 0.000 -0.062 0.011 0.030
0.660 0.057 -0.009 -0.053 0.000 -0.062 0.011 0.030
0.670 0.057 -0.009 -0.053 0.000 -0.062 0.011 0.030
0.680 0.057 -0.009 -0.053 0.000 -0.062 0.012 0.030
0.690 0.057 -0.010 -0.053 0.000 -0.062 0.012 0.030
0.700 0.056 -0.010 -0.053 0.000 -0.062 0.012 0.030
0.710 0.056 -0.010 -0.053 0.000 -0.062 0.012 0.030
0.720 0.056 -0.010 -0.053 0.000 -0.062 0.012 0.030
0.730 0.056 -0.010 -0.053 0.000 -0.061 0.012 0.030
0.740 0.056 -0.010 -0.053 0.000 -0.061 0.013 0.030
0.750 0.056 -0.010 -0.053 0.000 -0.061 0.013 0.030
0.760 0.056 -0.010 -0.053 0.000 -0.061 0.013 0.030
0.770 0.056 -0.010 -0.053 0.000 -0.061 0.013 0.030
0.780 0.056 -0.011 -0.053 0.000 -0.061 0.013 0.030
0.790 0.056 -0.011 -0.053 0.000 -0.061 0.013 0.030
0.800 0.056 -0.011 -0.053 0.000 -0.061 0.014 0.030
0.810 0.056 -0.011 -0.053 0.000 -0.061 0.014 0.030
0.820 0.056 -0.011 -0.053 0.000 -0.061 0.014 0.030
0.830 0.055 -0.011 -0.053 0.000 -0.060 0.014 0.030
0.840 0.055 -0.012 -0.053 0.000 -0.060 0.014 0.030
0.850 0.055 -0.012 -0.053 0.000 -0.060 0.014 0.030
0.860 0.055 -0.012 -0.053 0.000 -0.060 0.015 0.030
0.870 0.055 -0.012 -0.052 0.000 -0.060 0.015 0.030
0.880 0.055 -0.012 -0.052 0.000 -0.060 0.015 0.030
0.890 0.055 -0.012 -0.052 0.000 -0.060 0.015 0.029
0.900 0.055 -0.012 -0.052 0.000 -0.060 0.015 0.029
0.910 0.055 -0.012 -0.052 0.000 -0.059 0.015 0.029
0.920 0.055 -0.013 -0.052 0.000 -0.059 0.015 0.029
0.930 0.055 -0.013 -0.052 0.000 -0.059 0.016 0.029
0.940 0.054 -0.013 -0.052 0.000 -0.059 0.016 0.029
0.950 0.054 -0.013 -0.052 0.000 -0.059 0.016 0.029
0.960 0.054 -0.013 -0.052 0.000 -0.059 0.016 0.029
0.970 0.054 -0.013 -0.052 0.000 -0.059 0.016 0.029
0.980 0.054 -0.014 -0.052 0.000 -0.059 0.017 0.029
0.990 0.054 -0.014 -0.052 0.000 -0.059 0.017 0.029
1.000 0.054 -0.014 -0.052 0.000 -0.058 0.017 0.029
1.010 0.054 -0.014 -0.052 0.000 -0.058 0.017 0.029
1.020 0.054 -0.014 -0.052 0.000 -0.058 0.017 0.029
1.030 0.054 -0.014 -0.052 0.000 -0.058 0.017 0.029
1.040 0.053 -0.014 -0.052 0.000 -0.058 0.018 0.029
1.050 0.053 -0.014 -0.052 0.000 -0.058 0.018 0.029
1.060 0.053 -0.015 -0.051 0.000 -0.058 0.018 0.029
1.070 0.053 -0.015 -0.051 0.000 -0.057 0.018 0.029
1.080 0.053 -0.015 -0.051 0.000 -0.057 0.018 0.029
1.090 0.053 -0.015 -0.051 0.000 -0.057 0.018 0.029
1.100 0.053 -0.015 -0.051 0.000 -0.057 0.018 0.029
1.110 0.053 -0.015 -0.051 0.000 -0.057 0.019 0.029
1.120 0.053 -0.015 -0.051 0.000 -0.057 0.019 0.029
1.130 0.053 -0.016 -0.051 0.000 -0.057 0.019 0.028
1.140 0.052 -0.016 -0.051 0.000 -0.057 0.019 0.028
1.150 0.052 -0.016 -0.051 0.000 -0.056 0.019 0.028
1.160 0.052 -0.016 -0.051 0.000 -0.056 0.019 0.028
1.170 0.052 -0.016 -0.051 0.000 -0.056 0.020 0.028
1.180 0.052 -0.016 -0.051 0.000 -0.056 0.020 0.028
1.190 0.052 -0.016 -0.051 0.000 -0.056 0.020 0.028
1.200 0.052 -0.016 -0.051 0.000 -0.056 0.020 0.028
1.210 0.052 -0.017 -0.050 0.000 -0.055 0.020 0.028
1.220 0.051 -0.017 -0.050 0.000 -0.055 0.020 0.028
1.230 0.051 -0.017 -0.050 -0.000 -0.055 0.020 0.028
1.240 0.051 -0.017 -0.050 -0.000 -0.055 0.021 0.028
1.250 0.051 -0.017 -0.050 -0.000 -0.055 0.021 0.028
1.260 0.051 -0.017 -0.050 -0.000 -0.055 0.021 0.028
1.270 0.051 -0.017 -0.050 -0.000 -0.055 0.021 0.028
1.280 0.051 -0.018 -0.050 -0.000 -0.054 0.021 0.028
1.290 0.051 -0.018 -0.050 -0.000 -0.054 0.021 0.028
1.300 0.050 -0.018 -0.050 -0.000 -0.054 0.022 0.028
1.310 0.050 -0.018 -0.050 -0.000 -0.054 0.022 0.028
1.320 0.050 -0.018 -0.050 -0.000 -0.054 0.022 0.027
1.330 0.050 -0.018 -0.050 -0.000 -0.054 0.022 0.027
1.340 0.050 -0.018 -0.050 -0.000 -0.053 0.022 0.027
1.350 0.050 -0.018 -0.049 -0.000 -0.053 0.022 0.027
1.360 0.050 -0.019 -0.049 -0.000 -0.053 0.022 0.027
1.370 0.050 -0.019 -0.049 -0.000 -0.053 0.023 0.027
1.380 0.049 -0.019 -0.049 0.000 -0.053 0.023 0.027
1.390 0.049 -0.019 -0.049 0.000 -0.052 0.023 0.027
1.400 0.049 -0.019 -0.049 0.000 -0.052 0.023 0.027
1.410 0.049 -0.019 -0.049 0.000 -0.052 0.023 0.027
1.420 0.049 -0.019 -0.049 0.000 -0.052 0.023 0.027
1.430 0.049 -0.020 -0.049 0.000 -0.052 0.024 0.027
1.440 0.049 -0.020 -0.049 0.000 -0.052 0.024 0.027
1.450 0.049 -0.020 -0.049 0.000 -0.052 0.024 0.027
1.460 0.048 -0.020 -0.049 0.000 -0.051 0.024 0.027
1.470 0.048 -0.020 -0.049 0.000 -0.051 0.024 0.027
1.480 0.048 -0.020 -0.048 0.000 -0.051 0.024 0.027
1.490 0.048 -0.020 -0.048 0.000 -0.051 0.024 0.026
1.500 0.048 -0.020 -0.048 0.000 -0.051 0.025 0.026
1.510 0.048 -0.021 -0.048 0.000 -0.050 0.025 0.026
1.520 0.047 -0.021 -0.048 0.000 -0.050 0.025 0.026
1.530 0.047 -0.021 -0.048 -0.000 -0.050 0.025 0.026
1.540 0.047 -0.021 -0.048 -0.000 -0.050 0.025 0.026
1.550 0.047 -0.021 -0.048 -0.000 -0.050 0.025 0.026
1.560 0.047 -0.021 -0.048 -0.000 -0.049 0.025 0.026
1.570 0.047 -0.021 -0.048 -0.000 -0.049 0.026 0.026
1.580 0.047 -0.021 -0.048 -0.000 -0.049 0.026 0.026
1.590 0.047 -0.022 -0.047 -0.000 -0.049 0.026 0.026
1.600 0.046 -0.022 -0.047 -0.000 -0.049 0.026 0.026
1.610 0.046 -0.022 -0.047 -0.000 -0.049 0.026 0.026
1.620 0.046 -0.022 -0.047 -0.000 -0.048 0.026 0.026
1.630 0.046 -0.022 -0.047 -0.000 -0.048 0.026 0.025
1.640 0.046 -0.022 -0.047 -0.000 -0.048 0.027 0.025
1.650 0.046 -0.022 -0.047 -0.000 -0.048 0.027 0.025
1.660 0.045 -0.022 -0.047 -0.000 -0.047 0.027 0.025
1.670 0.045 -0.023 -0.047 -0.000 -0.047 0.027 0.025
1.680 0.045 -0.023 -0.047 0.000 -0.047 0.027 0.025
1.690 0.045 -0.023 -0.046 0.000 -0.047 0.027 0.025
1.700 0.045 -0.023 -0.046 0.000 -0.047 0.027 0.025
1.710 0.045 -0.023 -0.046 0.000 -0.047 0.027 0.025
1.720 0.045 -0.023 -0.046 0.000 -0.046 0.028 0.025
1.730 0.044 -0.023 -0.046 0.000 -0.046 0.028 0.025
1.740 0.044 -0.024 -0.046 0.000 -0.046 0.028 0.025
1.750 0.044 -0.024 -0.046 0.000 -0.046 0.028 0.025
1.760 0.044 -0.024 -0.046 0.000 -0.046 0.028 0.024
1.770 0.044 -0.024 -0.046 0.000 -0.045 0.028 0.024
1.780 0.044 -0.024 -0.046 0.000 -0.045 0.028 0.024
1.790 0.043 -0.024 -0.045 0.000 -0.045 0.029 0.024
1.800 0.043 -0.024 -0.045 0.000 -0.045 0.029 0.024
1.810 0.043 -0.024 -0.045 0.000 -0.044 0.029 0.024
1.820 0.043 -0.024 -0.045 0.000 -0.044 0.029 0.024
1.830 0.043 -0.025 -0.045 -0.000 -0.044 0.029 0.024
1.840 0.043 -0.025 -0.045 -0.000 -0.044 0.029 0.024
1.850 0.042 -0.025 -0.045 -0.000 -0.044 0.029 0.024
1.860 0.042 -0.025 -0.045 -0.000 -0.043 0.029 0.024
1.870 0.042 -0.025 -0.045 -0.000 -0.043 0.030 0.024
1.880 0.042 -0.025 -0.044 -0.000 -0.043 0.030 0.023
1.890 0.042 -0.025 -0.044 -0.000 -0.043 0.030 0.023
1.900 0.042 -0.026 -0.044 -0.000 -0.043 0.030 0.023
1.910 0.041 -0.026 -0.044 -0.000 -0.042 0.030 0.023
1.920 0.041 -0.026 -0.044 -0.000 -0.042 0.030 0.023
1.930 0.041 -0.026 -0.044 -0.000 -0.042 0.030 0.023
1.940 0.041 -0.026 -0.044 -0.000 -0.042 0.030 0.023
1.950 0.041 -0.026 -0.044 -0.000 -0.041 0.031 0.023
1.960 0.041 -0.026 -0.043 -0.000 -0.041 0.031 0.023
1.970 0.040 -0.026 -0.043 -0.000 -0.041 0.031 0.023
1.980 0.040 -0.026 -0.043 0.000 -0.041 0.031 0.023
1.990 0.040 -0.027 -0.043 0.000 -0.040 0.031 0.022
2.000 0.040 -0.027 -0.043 0.000 -0.040 0.031 0.022
2.010 0.040 -0.027 -0.043 0.000 -0.040 0.031 0.022
2.020 0.040 -0.027 -0.043 0.000 -0.040 0.031 0.022
2.030 0.039 -0.027 -0.043 0.000 -0.040 0.031 0.022
2.040 0.039 -0.027 -0.042 0.000 -0.039 0.032 0.022
2.050 0.039 -0.027 -0.042 0.000 -0.039 0.032 0.022
2.060 0.039 -0.027 -0.042 0.000 -0.039 0.032 0.022
2.070 0.039 -0.028 -0.042 0.000 -0.039 0.032 0.022
2.080 0.039 -0.028 -0.042 0.000 -0.038 0.032 0.022
2.090 0.038 -0.028 -0.042 0.000 -0.038 0.032 0.022
2.100 0.038 -0.028 -0.042 0.000 -0.038 0.032 0.021
2.110 0.038 -0.028 -0.042 0.000 -0.038 0.032 0.021
2.120 0.038 -0.028 -0.041 0.000 -0.037 0.032 0.021
2.130 0.038 -0.028 -0.041 0.000 -0.037 0.033 0.021
2.140 0.037 -0.028 -0.041 -0.000 -0.037 0.033 0.021
2.150 0.037 -0.028 -0.041 -0.000 -0.037 0.033 0.021
2.160 0.037 -0.029 -0.041 -0.000 -0.037 0.033 0.021
2.170 0.037 -0.029 -0.041 -0.000 -0.036 0.033 0.021
2.180 0.037 -0.029 -0.041 -0.000 -0.036 0.033 0.021
2.190 0.037 -0.029 -0.040 -0.000 -0.036 0.033 0.021
2.200 0.036 -0.029 -0.040 -0.000 -0.036 0.033 0.020
2.210 0.036 -0.029 -0.040 -0.000 -0.035 0.033 0.020
2.220 0.036 -0.029 -0.040 -0.000 -0.035 0.034 0.020
2.230 0.036 -0.029 -0.040 -0.000 -0.035 0.034 0.020
2.240 0.036 -0.029 -0.040 -0.000 -0.035 0.034 0.020
2.250 0.035 -0.030 -0.040 -0.000 -0.034 0.034 0.020
2.260 0.035 -0.030 -0.039 -0.000 -0.034 0.034 0.020
2.270 0.035 -0.030 -0.039 -0.000 -0.034 0.034 0.020
2.280 0.035 -0.030 -0.039 -0.000 -0.034 0.034 0.020
2.290 0.035 -0.030 -0.039 0.000 -0.033 0.034 0.019
2.300 0.035 -0.030 -0.039 0.000 -0.033 0.034 0.019
2.310 0.034 -0.030 -0.039 0.000 -0.033 0.034 0.019
2.320 0.034 -0.030 -0.039 0.000 -0.033 0.035 0.019
2.330 0.034 -0.030 -0.038 0.000 -0.033 0.035 0.019
2.340 0.034 -0.031 -0.038 0.000 -0.032 0.035 0.019
2.350 0.034 -0.031 -0.038 0.000 -0.032 0.035 0.019
2.360 0.033 -0.031 -0.038 0.000 -0.032 0.035 0.019
2.370 0.033 -0.031 -0.038 0.000 -0.032 0.035 0.019
2.380 0.033 -0.031 -0.038 0.000 -0.031 0.035 0.018
2.390 0.033 -0.031 -0.038 0.000 -0.031 0.035 0.018
2.400 0.033 -0.031 -0.037 0.000 -0.031 0.035 0.018
2.410 0.032 -0.031 -0.037 0.000 -0.030 0.035 0.018
2.420 0.032 -0.031 -0.037 0.000 -0.030 0.036 0.018
2.430 0.032 -0.031 -0.037 0.000 -0.030 0.036 0.018
2.440 0.032 -0.032 -0.037 -0.000 -0.030 0.036 0.018
2.450 0.032 -0.032 -0.037 -0.000 -0.029 0.036 0.018
2.460 0.032 -0.032 -0.036 -0.000 -0.029 0.036 0.018
2.470 0.031 -0.032 -0.036 -0.000 -0.029 0.036 0.017
2.480 0.031 -0.032 -0.036 -0.000 -0.029 0.036 0.017
2.490 0.031 -0.032 -0.036 -0.000 -0.029 0.036 0.017
2.500 0.031 -0.032 -0.036 -0.000 -0.028 0.036 0.017
2.510 0.031 -0.032 -0.036 -0.000 -0.028 0.036 0.017
2.520 0.030 -0.032 -0.035 -0.000 -0.028 0.036 0.017
2.530 0.030 -0.033 -0.035 -0.000 -0.028 0.037 0.017
2.540 0.030 -0.033 -0.035 -0.000 -0.027 0.037 0.017
2.550 0.030 -0.033 -0.035 -0.000 -0.027 0.037 0.016
2.560 0.030 -0.033 -0.035 -0.000 -0.027 0.037 0.016
2.570 0.029 -0.033 -0.035 -0.000 -0.026 0.037 0.016
2.580 0.029 -0.033 -0.034 -0.000 -0.026 0.037 0.016
2.590 0.029 -0.033 -0.034 -0.000 -0.026 0.037 0.016
2.600 0.029 -0.033 -0.034 -0.000 -0.026 0.037 0.016
2.610 0.029 -0.033 -0.034 -0.000 -0.025 0.037 0.016
2.620 0.028 -0.033 -0.034 -0.000 -0.025 0.037 0.016
2.630 0.028 -0.034 -0.034 -0.000 -0.025 0.037 0.015
2.640 0.028 -0.034 -0.033 -0.000 -0.025 0.037 0.015
2.650 0.028 -0.034 -0.033 -0.000 -0.024 0.037 0.015
2.660 0.028 -0.034 -0.033 -0.000 -0.024 0.038 0.015
2.670 0.028 -0.034 -0.033 -0.000 -0.024 0.038 0.015
2.680 0.027 -0.034 -0.033 -0.000 -0.024 0.038 0.015
2.690 0.027 -0.034 -0.033 -0.000 -0.023 0.038 0.015
2.700 0.027 -0.034 -0.032 -0.000 -0.023 0.038 0.014
2.710 0.027 -0.034 -0.032 -0.000 -0.023 0.038 0.014
2.720 0.026 -0.034 -0.032 -0.000 -0.022 0.038 0.014
2.730 0.026 -0.034 -0.032 -0.000 -0.022 0.038 0.014
2.740 0.026 -0.035 -0.032 0.000 -0.022 0.038 0.014
2.750 0.026 -0.035 -0.031 0.000 -0.022 0.038 0.014
2.760 0.026 -0.035 -0.031 0.000 -0.021 0.038 0.014
2.770 0.026 -0.035 -0.031 0.000 -0.021 0.038 0.014
2.780 0.025 -0.035 -0.031 0.000 -0.021 0.038 0.013
2.790 0.025 -0.035 -0.031 0.000 -0.021 0.038 0.013
2.800 0.025 -0.035 -0.031 0.000 -0.021 0.038 0.013
2.810 0.025 -0.035 -0.030 0.000 -0.020 0.039 0.013
2.820 0.025 -0.035 -0.030 0.000 -0.020 0.039 0.013
2.830 0.024 -0.035 -0.030 0.000 -0.020 0.039 0.013
2.840 0.024 -0.035 -0.030 0.000 -0.019 0.039 0.013
2.850 0.024 -0.035 -0.030 0.000 -0.019 0.039 0.012
2.860 0.024 -0.036 -0.029 0.000 -0.019 0.039 0.012
2.870 0.023 -0.036 -0.029 0.000 -0.019 0.039 0.012
2.880 0.023 -0.036 -0.029 0.000 -0.018 0.039 0.012
2.890 0.023 -0.036 -0.029 0.000 -0.018 0.039 0.012
2.900 0.023 -0.036 -0.029 0.000 -0.018 0.039 0.012
2.910 0.023 -0.036 -0.028 0.000 -0.017 0.039 0.012
2.920 0.023 -0.036 -0.028 0.000 -0.017 0.039 0.011
2.930 0.022 -0.036 -0.028 0.000 -0.017 0.039 0.011
2.940 0.022 -0.036 -0.028 0.000 -0.017 0.039 0.011
2.950 0.022 -0.036 -0.028 0.000 -0.017 0.039 0.011
2.960 0.022 -0.036 -0.027 0.000 -0.016 0.039 0.011
2.970 0.022 -0.036 -0.027 0.000 -0.016 0.039 0.011
2.980 0.021 -0.037 -0.027 0.000 -0.016 0.040 0.011
2.990 0.021 -0.037 -0.027 0.000 -0.016 0.040 0.010
3.000 0.021 -0.037 -0.027 0.000 -0.015 0.040 0.010
3.010 0.021 -0.037 -0.026 0.000 -0.015 0.040 0.010
3.020 0.020 -0.037 -0.026 0.000 -0.015 0.040 0.010
3.030 0.020 -0.037 -0.026 0.000 -0.014 0.040 0.010
3.040 0.020 -0.037 -0.026 0.000 -0.014 0.040 0.010
3.050 0.020 -0.037 -0.026 -0.000 -0.014 0.040 0.009
3.060 0.020 -0.037 -0.025 -0.000 -0.014 0.040 0.009
3.070 0.020 -0.037 -0.025 -0.000 -0.013 0.040 0.009
3.080 0.019 -0.037 -0.025 -0.000 -0.013 0.040 0.009
3.090 0.019 -0.037 -0.025 -0.000 -0.013 0.040 0.009
3.100 0.019 -0.037 -0.025 -0.000 -0.013 0.040 0.009
3.110 0.019 -0.038 -0.024 -0.000 -0.012 0.040 0.009
3.120 0.019 -0.038 -0.024 -0.000 -0.012 0.040 0.009
3.130 0.018 -0.038 -0.024 -0.000 -0.012 0.040 0.008
3.140 0.018 -0.038 -0.024 -0.000 -0.012 0.040 0.008
3.150 0.018 -0.038 -0.023 -0.000 -0.011 0.040 0.008
3.160 0.018 -0.038 -0.023 -0.000 -0.011 0.040 0.008
3.170 0.017 -0.038 -0.023 -0.000 -0.011 0.040 0.008
3.180 0.017 -0.038 -0.023 -0.000 -0.010 0.040 0.007
3.190 0.017 -0.038 -0.022 -0.000 -0.010 0.040 0.007
3.200 0.017 -0.038 -0.022 0.000 -0.010 0.040 0.007
3.210 0.017 -0.038 -0.022 0.000 -0.010 0.040 0.007
3.220 0.017 -0.038 -0.022 0.000 -0.009 0.040 0.007
3.230 0.016 -0.038 -0.022 0.000 -0.009 0.040 0.007
3.240 0.016 -0.038 -0.022 0.000 -0.009 0.041 0.007
3.250 0.016 -0.038 -0.021 0.000 -0.009 0.041 0.007
3.260 0.016 -0.038 -0.021 0.000 -0.009 0.041 0.006
3.270 0.016 -0.039 -0.021 0.000 -0.008 0.041 0.006
3.280 0.015 -0.039 -0.021 0.000 -0.008 0.041 0.006
3.290 0.015 -0.039 -0.020 0.000 -0.008 0.041 0.006
3.300 0.015 -0.039 -0.020 0.000 -0.007 0.041 0.006
3.310 0.015 -0.039 -0.020 0.000 -0.007 0.041 0.005
3.320 0.014 -0.039 -0.020 0.000 -0.007 0.041 0.005
3.330 0.014 -0.039 -0.019 0.000 -0.006 0.041 0.005
3.340 0.014 -0.039 -0.019 0.000 -0.006 0.041 0.005
3.350 0.014 -0.039 -0.019 -0.000 -0.006 0.041 0.005
3.360 0.014 -0.039 -0.019 -0.000 -0.006 0.041 0.005
3.370 0.014 -0.039 -0.019 -0.000 -0.006 0.041 0.005
3.380 0.013 -0.039 -0.018 -0.000 -0.006 0.041 0.004
3.390 0.013 -0.039 -0.018 -0.000 -0.005 0.041 0.004
3.400 0.013 -0.039 -0.018 -0.000 -0.005 0.041 0.004
3.410 0.013 -0.039 -0.018 -0.000 -0.005 0.041 0.004
3.420 0.013 -0.039 -0.018 -0.000 -0.005 0.041 0.004
3.430 0.012 -0.039 -0.017 -0.000 -0.004 0.041 0.004
3.440 0.012 -0.039 -0.017 -0.000 -0.004 0.041 0.003
3.450 0.012 -0.039 -0.017 -0.000 -0.003 0.041 0.003
3.460 0.012 -0.040 -0.016 -0.000 -0.003 0.041 0.003
3.470 0.012 -0.040 -0.016 -0.000 -0.002 0.041 0.003
3.480 0.011 -0.040 -0.016 -0.000 -0.001 0.041 0.002
3.490 0.011 -0.040 -0.016 -0.000 -0.001 0.041 0.002
3.500 0.011 -0.040 -0.015 -0.000 -0.000 0.041 0.002
3.510 0.011 -0.040 -0.015 -0.000 -0.000 0.041 0.002
3.520 0.011 -0.040 -0.015 -0.000 -0.000 0.041 0.001
3.530 0.010 -0.040 -0.015 -0.000 -0.000 0.041 0.001
3.540 0.010 -0.040 -0.015 -0.000 -0.000 0.041 0.001
3.550 0.010 -0.040 -0.014 -0.000 -0.000 0.041 0.001
3.560 0.010 -0.040 -0.014 -0.000 -0.000 0.041 0.001
3.570 0.010 -0.040 -0.014 -0.000 -0.000 0.041 0.001
3.580 0.009 -0.040 -0.014 -0.000 -0.000 0.041 0.001
3.590 0.009 -0.040 -0.013 -0.000 -0.000 0.041 0.001
3.600 0.009 -0.040 -0.013 -0.000 -0.000 0.041 0.001
3.610 0.009 -0.040 -0.013 -0.000 -0.000 0.041 0.001
3.620 0.009 -0.040 -0.013 -0.000 -0.000 0.041 0.000
3.630 0.008 -0.040 -0.012 -0.000 -0.000 0.041 0.000
3.640 0.008 -0.040 -0.012 -0.000 -0.000 0.041 0.000
3.650 0.008 -0.040 -0.012 -0.000 0.000 0.041 -0.000
3.660 0.008 -0.040 -0.012 -0.000 0.001 0.041 -0.000
3.670 0.008 -0.040 -0.011 -0.000 0.002 0.041 -0.001
3.680 0.007 -0.040 -0.011 -0.000 0.002 0.041 -0.001
3.690 0.007 -0.040 -0.011 -0.000 0.003 0.041 -0.001
3.700 0.007 -0.040 -0.011 -0.000 0.003 0.041 -0.002
3.710 0.007 -0.040 -0.011 -0.000 0.004 0.041 -0.002
3.720 0.007 -0.041 -0.010 -0.000 0.004 0.041 -0.002
3.730 0.007 -0.041 -0.010 -0.000 0.005 0.041 -0.002
3.740 0.006 -0.041 -0.010 -0.000 0.005 0.041 -0.002
3.750 0.006 -0.041 -0.009 -0.000 0.005 0.041 -0.002
3.760 0.006 -0.041 -0.009 -0.000 0.005 0.041 -0.002
3.770 0.006 -0.041 -0.009 -0.000 0.005 0.041 -0.002
3.780 0.005 -0.041 -0.008 -0.000 0.005 0.041 -0.002
3.790 0.005 -0.041 -0.008 -0.000 0.005 0.041 -0.002
3.800 0.005 -0.041 -0.008 0.000 0.005 0.041 -0.003
3.810 0.005 -0.041 -0.008 0.000 0.005 0.041 -0.003
3.820 0.005 -0.041 -0.008 0.000 0.006 0.041 -0.003
3.830 0.005 -0.041 -0.007 0.000 0.006 0.041 -0.004
3.840 0.005 -0.041 -0.007 0.000 0.007 0.041 -0.004
3.850 0.004 -0.041 -0.007 0.000 0.007 0.041 -0.004
3.860 0.004 -0.041 -0.007 0.000 0.007 0.041 -0.004
3.870 0.004 -0.041 -0.007 0.000 0.008 0.041 -0.005
3.880 0.004 -0.041 -0.006 0.000 0.008 0.041 -0.005
3.890 0.004 -0.041 -0.006 0.000 0.008 0.041 -0.005
3.900 0.003 -0.041 -0.006 0.000 0.008 0.041 -0.005
3.910 0.003 -0.041 -0.005 0.000 0.008 0.041 -0.005
3.920 0.003 -0.041 -0.005 0.000 0.009 0.041 -0.005
3.930 0.002 -0.041 -0.004 0.000 0.009 0.041 -0.005
3.940 0.002 -0.041 -0.004 0.000 0.009 0.041 -0.006
3.950 0.002 -0.041 -0.003 -0.000 0.009 0.040 -0.006
3.960 0.001 -0.041 -0.003 -0.000 0.009 0.040 -0.006
3.970 0.001 -0.041 -0.003 -0.000 0.010 0.040 -0.006
3.980 0.001 -0.041 -0.003 -0.000 0.010 0.040 -0.006
3.990 0.001 -0.041 -0.003 -0.000 0.010 0.040 -0.007
4.000 0.001 -0.041 -0.003 -0.000 0.011 0.040 -0.007
4.010 0.001 -0.041 -0.003 -0.000 0.011 0.040 -0.007
4.020 0.001 -0.041 -0.003 -0.000 0.011 0.040 -0.007
4.030 0.001 -0.041 -0.002 -0.000 0.011 0.040 -0.008
4.040 0.001 -0.041 -0.002 -0.000 0.012 0.040 -0.008
4.050 0.001 -0.041 -0.002 -0.000 0.012 0.040 -0.008
4.060 0.001 -0.041 -0.002 -0.000 0.012 0.040 -0.008
4.070 0.000 -0.041 -0.001 -0.000 0.012 0.040 -0.008
4.080 0.000 -0.041 -0.001 -0.000 0.012 0.040 -0.008
4.090 0.000 -0.041 -0.000 -0.000 0.012 0.040 -0.008
4.100 0.000 -0.041 -0.000 -0.000 0.013 0.040 -0.009
4.110 -0.000 -0.041 0.000 -0.000 0.013 0.040 -0.009
4.120 -0.001 -0.041 0.001 -0.000 0.013 0.040 -0.009
4.130 -0.001 -0.041 0.001 -0.000 0.014 0.040 -0.009
4.140 -0.001 -0.041 0.001 -0.000 0.014 0.040 -0.010
4.150 -0.001 -0.041 0.001 -0.000 0.014 0.040 -0.010
4.160 -0.002 -0.041 0.002 -0.000 0.014 0.040 -0.010
4.170 -0.002 -0.041 0.002 -0.000 0.015 0.040 -0.010
4.180 -0.002 -0.041 0.002 -0.000 0.015 0.040 -0.010
4.190 -0.002 -0.041 0.002 -0.000 0.015 0.040 -0.011
4.200 -0.002 -0.041 0.002 -0.000 0.015 0.040 -0.011
4.210 -0.002 -0.041 0.003 -0.000 0.015 0.040 -0.011
4.220 -0.002 -0.041 0.003 -0.000 0.016 0.040 -0.011
4.230 -0.003 -0.041 0.003 -0.000 0.016 0.039 -0.011
4.240 -0.003 -0.041 0.003 -0.000 0.016 0.039 -0.011
4.250 -0.003 -0.041 0.003 -0.000 0.016 0.039 -0.012
4.260 -0.003 -0.041 0.003 0.000 0.016 0.039 -0.012
4.270 -0.003 -0.041 0.004 0.000 0.017 0.039 -0.012
4.280 -0.003 -0.041 0.004 0.000 0.017 0.039 -0.012
4.290 -0.004 -0.041 0.005 0.000 0.017 0.039 -0.012
4.300 -0.004 -0.041 0.005 0.000 0.017 0.039 -0.013
4.310 -0.004 -0.041 0.006 0.000 0.018 0.039 -0.013
4.320 -0.004 -0.041 0.006 0.000 0.018 0.039 -0.013
4.330 -0.005 -0.041 0.006 0.000 0.018 0.039 -0.013
4.340 -0.005 -0.041 0.007 0.000 0.018 0.039 -0.014
4.350 -0.005 -0.041 0.007 0.000 0.019 0.039 -0.014
4.360 -0.005 -0.041 0.007 0.000 0.019 0.039 -0.014
4.370 -0.005 -0.041 0.007 0.000 0.019 0.039 -0.014
4.380 -0.005 -0.041 0.007 0.000 0.019 0.039 -0.014
4.390 -0.005 -0.041 0.008 0.000 0.019 0.039 -0.014
4.400 -0.005 -0.041 0.008 0.000 0.019 0.039 -0.015
4.410 -0.006 -0.041 0.008 -0.000 0.020 0.038 -0.015
4.420 -0.006 -0.040 0.008 -0.000 0.020 0.038 -0.015
4.430 -0.006 -0.040 0.009 -0.000 0.020 0.038 -0.015
4.440 -0.006 -0.040 0.009 -0.000 0.020 0.038 -0.015
4.450 -0.007 -0.040 0.009 -0.000 0.021 0.038 -0.016
4.460 -0.007 -0.040 0.010 -0.000 0.021 0.038 -0.016
4.470 -0.007 -0.040 0.010 -0.000 0.021 0.038 -0.016
4.480 -0.007 -0.040 0.010 -0.000 0.021 0.038 -0.016
4.490 -0.007 -0.040 0.011 -0.000 0.022 0.038 -0.016
4.500 -0.007 -0.040 0.011 -0.000 0.022 0.038 -0.017
4.510 -0.008 -0.040 0.011 -0.000 0.022 0.038 -0.017
4.520 -0.008 -0.040 0.011 -0.000 0.022 0.038 -0.017
4.530 -0.008 -0.040 0.012 -0.000 0.022 0.038 -0.017
4.540 -0.008 -0.040 0.012 -0.000 0.022 0.038 -0.017
4.550 -0.008 -0.040 0.012 -0.000 0.023 0.038 -0.018
4.560 -0.008 -0.040 0.012 -0.000 0.023 0.037 -0.018
4.570 -0.008 -0.040 0.013 -0.000 0.023 0.037 -0.018
4.580 -0.009 -0.040 0.013 -0.000 0.023 0.037 -0.018
4.590 -0.009 -0.040 0.013 -0.000 0.023 0.037 -0.018
4.600 -0.009 -0.040 0.014 -0.000 0.024 0.037 -0.019
4.610 -0.009 -0.040 0.014 -0.000 0.024 0.037 -0.019
4.620 -0.009 -0.040 0.014 -0.000 0.024 0.037 -0.019
4.630 -0.009 -0.040 0.015 -0.000 0.024 0.037 -0.019
4.640 -0.010 -0.040 0.015 -0.000 0.025 0.037 -0.019
4.650 -0.010 -0.040 0.015 -0.000 0.025 0.037 -0.020
4.660 -0.010 -0.040 0.015 -0.000 0.025 0.037 -0.020
4.670 -0.010 -0.040 0.016 -0.000 0.025 0.037 -0.020
4.680 -0.010 -0.040 0.016 -0.000 0.025 0.037 -0.020
4.690 -0.010 -0.039 0.016 -0.000 0.025 0.037 -0.020
4.700 -0.010 -0.039 0.016 -0.000 0.026 0.036 -0.021
4.710 -0.010 -0.039 0.016 0.000 0.026 0.036 -0.021
4.720 -0.011 -0.039 0.017 0.000 0.026 0.036 -0.021
4.730 -0.011 -0.039 0.017 0.000 0.026 0.036 -0.021
4.740 -0.011 -0.039 0.017 0.000 0.026 0.036 -0.021
4.750 -0.011 -0.039 0.018 0.000 0.027 0.036 -0.022
4.760 -0.011 -0.039 0.018 0.000 0.027 0.036 -0.022
4.770 -0.012 -0.039 0.018 0.000 0.027 0.036 -0.022
4.780 -0.012 -0.039 0.019 0.000 0.027 0.036 -0.022
4.790 -0.012 -0.039 0.019 0.000 0.027 0.036 -0.022
4.800 -0.012 -0.039 0.019 0.000 0.028 0.036 -0.023
4.810 -0.012 -0.039 0.019 0.000 0.028 0.036 -0.023
4.820 -0.012 -0.039 0.020 0.000 0.028 0.036 -0.023
4.830 -0.012 -0.039 0.020 0.000 0.028 0.035 -0.023
4.840 -0.012 -0.039 0.020 0.000 0.028 0.035 -0.023
4.850 -0.013 -0.039 0.020 0.000 0.028 0.035 -0.024
4.860 -0.013 -0.038 0.021 0.000 0.029 0.035 -0.024
4.870 -0.013 -0.038 0.021 0.000 0.029 0.035 -0.024
4.880 -0.013 -0.038 0.021 0.000 0.029 0.035 -0.024
4.890 -0.013 -0.038 0.022 0.000 0.029 0.035 -0.024
4.900 -0.013 -0.038 0.022 0.000 0.029 0.035 -0.025
4.910 -0.014 -0.038 0.022 0.000 0.030 0.035 -0.025
4.920 -0.014 -0.038 0.023 0.000 0.030 0.035 -0.025
4.930 -0.014 -0.038 0.023 0.000 0.030 0.035 -0.025
4.940 -0.014 -0.038 0.023 0.000 0.030 0.034 -0.025
4.950 -0.014 -0.038 0.023 0.000 0.030 0.034 -0.026
4.960 -0.014 -0.038 0.024 0.000 0.030 0.034 -0.026
4.970 -0.014 -0.038 0.024 0.000 0.031 0.034 -0.026
4.980 -0.014 -0.038 0.024 0.000 0.031 0.034 -0.026
4.990 -0.015 -0.038 0.024 0.000 0.031 0.034 -0.026
5.000 -0.015 -0.038 0.025 0.000 0.031 0.034 -0.027
5.010 -0.015 -0.037 0.025 0.000 0.031 0.034 -0.027
5.020 -0.015 -0.037 0.025 -0.000 0.031 0.034 -0.027
5.030 -0.015 -0.037 0.025 -0.000 0.032 0.034 -0.027
5.040 -0.015 -0.037 0.026 -0.000 0.032 0.034 -0.027
5.050 -0.015 -0.037 0.026 -0.000 0.032 0.033 -0.028
5.060 -0.016 -0.037 0.026 -0.000 0.032 0.033 -0.028
5.070 -0.016 -0.037 0.027 -0.000 0.032 0.033 -0.028
5.080 -0.016 -0.037 0.027 -0.000 0.032 0.033 -0.028
5.090 -0.016 -0.037 0.027 -0.000 0.033 0.033 -0.028
5.100 -0.016 -0.037 0.027 -0.000 0.033 0.033 -0.029
5.110 -0.016 -0.037 0.028 -0.000 0.033 0.033 -0.029
5.120 -0.016 -0.037 0.028 -0.000 0.033 0.033 -0.029
5.130 -0.016 -0.037 0.028 -0.000 0.033 0.033 -0.029
5.140 -0.017 -0.036 0.028 -0.000 0.033 0.033 -0.029
5.150 -0.017 -0.036 0.029 -0.000 0.034 0.032 -0.030
5.160 -0.017 -0.036 0.029 -0.000 0.034 0.032 -0.030
5.170 -0.017 -0.036 0.029 0.000 0.034 0.032 -0.030
5.180 -0.017 -0.036 0.029 0.000 0.034 0.032 -0.030
5.190 -0.017 -0.036 0.030 0.000 0.034 0.032 -0.030
5.200 -0.017 -0.036 0.030 0.000 0.034 0.032 -0.031
5.210 -0.018 -0.036 0.030 0.000 0.035 0.032 -0.031
5.220 -0.018 -0.036 0.031 0.000 0.035 0.032 -0.031
5.230 -0.018 -0.036 0.031 0.000 0.035 0.032 -0.031
5.240 -0.018 -0.036 0.031 0.000 0.035 0.032 -0.031
5.250 -0.018 -0.036 0.031 0.000 0.035 0.031 -0.032
5.260 -0.018 -0.035 0.032 0.000 0.035 0.031 -0.032
5.270 -0.018 -0.035 0.032 0.000 0.035 0.031 -0.032
5.280 -0.018 -0.035 0.032 0.000 0.036 0.031 -0.032
5.290 -0.018 -0.035 0.032 0.000 0.036 0.031 -0.032
5.300 -0.019 -0.035 0.033 0.000 0.036 0.031 -0.032
5.310 -0.019 -0.035 0.033 0.000 0.036 0.031 -0.033
5.320 -0.019 -0.035 0.033 -0.000 0.036 0.031 -0.033
5.330 -0.019 -0.035 0.033 -0.000 0.036 0.031 -0.033
5.340 -0.019 -0.035 0.034 -0.000 0.036 0.030 -0.033
5.350 -0.019 -0.035 0.034 -0.000 0.037 0.030 -0.033
5.360 -0.019 -0.034 0.034 -0.000 0.037 0.030 -0.034
5.370 -0.019 -0.034 0.035 -0.000 0.037 0.030 -0.034
5.380 -0.020 -0.034 0.035 -0.000 0.037 0.030 -0.034
5.390 -0.020 -0.034 0.035 -0.000 0.037 0.030 -0.034
5.400 -0.020 -0.034 0.035 -0.000 0.037 0.030 -0.034
5.410 -0.020 -0.034 0.036 -0.000 0.037 0.030 -0.035
5.420 -0.020 -0.034 0.036 -0.000 0.038 0.030 -0.035
5.430 -0.020 -0.034 0.036 -0.000 0.038 0.029 -0.035
5.440 -0.020 -0.034 0.036 -0.000 0.038 0.029 -0.035
5.450 -0.020 -0.034 0.036 -0.000 0.038 0.029 -0.035
5.460 -0.020 -0.033 0.037 -0.000 0.038 0.029 -0.035
5.470 -0.020 -0.033 0.037 -0.000 0.038 0.029 -0.036
5.480 -0.021 -0.033 0.037 -0.000 0.038 0.029 -0.036
5.490 -0.021 -0.033 0.038 -0.000 0.039 0.029 -0.036
5.500 -0.021 -0.033 0.038 -0.000 0.039 0.029 -0.036
5.510 -0.021 -0.033 0.038 -0.000 0.039 0.029 -0.036
5.520 -0.021 -0.033 0.038 -0.000 0.039 0.028 -0.037
5.530 -0.021 -0.033 0.039 -0.000 0.039 0.028 -0.037
5.540 -0.021 -0.033 0.039 -0.000 0.039 0.028 -0.037
5.550 -0.021 -0.033 0.039 -0.000 0.039 0.028 -0.037
5.560 -0.021 -0.032 0.039 -0.000 0.039 0.028 -0.037
5.570 -0.022 -0.032 0.040 -0.000 0.040 0.028 -0.038
5.580 -0.022 -0.032 0.040 -0.000 0.040 0.028 -0.038
5.590 -0.022 -0.032 0.040 -0.000 0.040 0.028 -0.038
5.600 -0.022 -0.032 0.040 -0.000 0.040 0.028 -0.038
5.610 -0.022 -0.032 0.040 -0.000 0.040 0.027 -0.038
5.620 -0.022 -0.032 0.041 0.000 0.040 0.027 -0.038
5.630 -0.022 -0.032 0.041 0.000 0.040 0.027 -0.039
5.640 -0.022 -0.031 0.041 0.000 0.040 0.027 -0.039
5.650 -0.022 -0.031 0.042 0.000 0.041 0.027 -0.039
5.660 -0.022 -0.031 0.042 0.000 0.041 0.027 -0.039
5.670 -0.023 -0.031 0.042 0.000 0.041 0.027 -0.039
5.680 -0.023 -0.031 0.042 0.000 0.041 0.027 -0.040
5.690 -0.023 -0.031 0.043 0.000 0.041 0.026 -0.040
5.700 -0.023 -0.031 0.043 0.000 0.041 0.026 -0.040
5.710 -0.023 -0.031 0.043 0.000 0.041 0.026 -0.040
5.720 -0.023 -0.031 0.043 0.000 0.041 0.026 -0.040
5.730 -0.023 -0.030 0.043 0.000 0.041 0.026 -0.040
5.740 -0.023 -0.030 0.044 0.000 0.042 0.026 -0.041
5.750 -0.023 -0.030 0.044 0.000 0.042 0.026 -0.041
5.760 -0.023 -0.030 0.044 0.000 0.042 0.026 -0.041
5.770 -0.023 -0.030 0.044 -0.000 0.042 0.025 -0.041
5.780 -0.024 -0.030 0.045 -0.000 0.042 0.025 -0.041
5.790 -0.024 -0.030 0.045 -0.000 0.042 0.025 -0.041
5.800 -0.024 -0.030 0.045 -0.000 0.042 0.025 -0.042
5.810 -0.024 -0.029 0.045 -0.000 0.042 0.025 -0.042
5.820 -0.024 -0.029 0.046 -0.000 0.042 0.025 -0.042
5.830 -0.024 -0.029 0.046 -0.000 0.043 0.025 -0.042
5.840 -0.024 -0.029 0.046 -0.000 0.043 0.025 -0.042
5.850 -0.024 -0.029 0.046 -0.000 0.043 0.025 -0.043
5.860 -0.024 -0.029 0.046 -0.000 0.043 0.024 -0.043
5.870 -0.024 -0.029 0.047 -0.000 0.043 0.024 -0.043
5.880 -0.024 -0.029 0.047 -0.000 0.043 0.024 -0.043
5.890 -0.025 -0.028 0.047 -0.000 0.043 0.024 -0.043
5.900 -0.025 -0.028 0.047 -0.000 0.043 0.024 -0.043
5.910 -0.025 -0.028 0.047 -0.000 0.043 0.024 -0.043
5.920 -0.025 -0.028 0.048 -0.000 0.043 0.024 -0.044
5.930 -0.025 -0.028 0.048 -0.000 0.044 0.023 -0.044
5.940 -0.025 -0.028 0.048 -0.000 0.044 0.023 -0.044
5.950 -0.025 -0.028 0.048 -0.000 0.044 0.023 -0.044
5.960 -0.025 -0.027 0.049 -0.000 0.044 0.023 -0.044
5.970 -0.025 -0.027 0.049 -0.000 0.044 0.023 -0.045
5.980 -0.025 -0.027 0.049 -0.000 0.044 0.023 -0.045
5.990 -0.025 -0.027 0.049 -0.000 0.044 0.023 -0.045
6.000 -0.025 -0.027 0.049 -0.000 0.044 0.023 -0.045
6.010 -0.025 -0.027 0.050 -0.000 0.044 0.023 -0.045
6.020 -0.026 -0.027 0.050 -0.000 0.045 0.022 -0.045
6.030 -0.026 -0.027 0.050 -0.000 0.045 0.022 -0.045
6.040 -0.026 -0.026 0.050 -0.000 0.045 0.022 -0.046
6.050 -0.026 -0.026 0.050 -0.000 0.045 0.022 -0.046
6.060 -0.026 -0.026 0.051 -0.000 0.045 0.022 -0.046
6.070 -0.026 -0.026 0.051 -0.000 0.045 0.022 -0.046
6.080 -0.026 -0.026 0.051 0.000 0.045 0.022 -0.046
6.090 -0.026 -0.026 0.051 0.000 0.045 0.021 -0.046
6.100 -0.026 -0.026 0.051 0.000 0.045 0.021 -0.047
6.110 -0.026 -0.025 0.052 0.000 0.045 0.021 -0.047
6.120 -0.026 -0.025 0.052 0.000 0.045 0.021 -0.047
6.130 -0.026 -0.025 0.052 0.000 0.046 0.021 -0.047
6.140 -0.026 -0.025 0.052 0.000 0.046 0.021 -0.047
6.150 -0.027 -0.025 0.053 0.000 0.046 0.021 -0.047
6.160 -0.027 -0.025 0.053 0.000 0.046 0.021 -0.047
6.170 -0.027 -0.025 0.053 0.000 0.046 0.020 -0.048
6.180 -0.027 -0.024 0.053 0.000 0.046 0.020 -0.048
6.190 -0.027 -0.024 0.053 0.000 0.046 0.020 -0.048
6.200 -0.027 -0.024 0.053 0.000 0.046 0.020 -0.048
6.210 -0.027 -0.024 0.054 0.000 0.046 0.020 -0.048
6.220 -0.027 -0.024 0.054 0.000 0.046 0.020 -0.048
6.230 -0.027 -0.024 0.054 0.000 0.046 0.020 -0.048
6.240 -0.027 -0.024 0.054 0.000 0.046 0.020 -0.049
6.250 -0.027 -0.023 0.054 0.000 0.046 0.019 -0.049
6.260 -0.027 -0.023 0.055 0.000 0.047 0.019 -0.049
6.270 -0.027 -0.023 0.055 0.000 0.047 0.019 -0.049
6.280 -0.027 -0.023 0.055 0.000 0.047 0.019 -0.049
6.290 -0.027 -0.023 0.055 0.000 0.047 0.019 -0.049
6.300 -0.027 -0.023 0.055 0.000 0.047 0.019 -0.049
6.310 -0.028 -0.023 0.056 0.000 0.047 0.019 -0.050
6.320 -0.028 -0.022 0.056 0.000 0.047 0.019 -0.050
6.330 -0.028 -0.022 0.056 0.000 0.047 0.018 -0.050
6.340 -0.028 -0.022 0.056 0.000 0.047 0.018 -0.050
6.350 -0.028 -0.022 0.056 0.000 0.047 0.018 -0.050
6.360 -0.028 -0.022 0.056 0.000 0.047 0.018 -0.050
6.370 -0.028 -0.022 0.056 0.000 0.047 0.018 -0.050
6.380 -0.028 -0.021 0.057 0.000 0.047 0.018 -0.050
6.390 -0.028 -0.021 0.057 0.000 0.048 0.018 -0.051
6.400 -0.028 -0.021 0.057 0.000 0.048 0.017 -0.051
6.410 -0.028 -0.021 0.057 0.000 0.048 0.017 -0.051
6.420 -0.028 -0.021 0.057 0.000 0.048 0.017 -0.051
6.430 -0.028 -0.021 0.058 0.000 0.048 0.017 -0.051
6.440 -0.028 -0.021 0.058 0.000 0.048 0.017 -0.051
6.450 -0.028 -0.020 0.058 0.000 0.048 0.017 -0.051
6.460 -0.028 -0.020 0.058 0.000 0.048 0.017 -0.052
6.470 -0.028 -0.020 0.058 0.000 0.048 0.017 -0.052
6.480 -0.028 -0.020 0.058 0.000 0.048 0.016 -0.052
6.490 -0.029 -0.020 0.059 0.000 0.048 0.016 -0.052
6.500 -0.029 -0.020 0.059 0.000 0.048 0.016 -0.052
6.510 -0.029 -0.019 0.059 0.000 0.048 0.016 -0.052
6.520 -0.029 -0.019 0.059 0.000 0.048 0.016 -0.052
6.530 -0.029 -0.019 0.059 0.000 0.048 0.016 -0.052
6.540 -0.029 -0.019 0.059 0.000 0.048 0.016 -0.053
6.550 -0.029 -0.019 0.059 0.000 0.049 0.015 -0.053
6.560 -0.029 -0.019 0.060 0.000 0.049 0.015 -0.053
6.570 -0.029 -0.019 0.060 0.000 0.049 0.015 -0.053
6.580 -0.029 -0.018 0.060 0.000 0.049 0.015 -0.053
6.590 -0.029 -0.018 0.060 0.000 0.049 0.015 -0.053
6.600 -0.029 -0.018 0.060 0.000 0.049 0.015 -0.053
6.610 -0.029 -0.018 0.060 0.000 0.049 0.015 -0.053
6.620 -0.029 -0.018 0.060 0.000 0.049 0.015 -0.053
6.630 -0.029 -0.018 0.061 0.000 0.049 0.014 -0.054
6.640 -0.029 -0.017 0.061 0.000 0.049 0.014 -0.054
6.650 -0.029 -0.017 0.061 0.000 0.049 0.014 -0.054
6.660 -0.029 -0.017 0.061 0.000 0.049 0.014 -0.054
6.670 -0.029 -0.017 0.061 0.000 0.049 0.014 -0.054
6.680 -0.029 -0.017 0.061 0.000 0.049 0.014 -0.054
6.690 -0.029 -0.017 0.061 0.000 0.049 0.013 -0.054
6.700 -0.029 -0.016 0.062 0.000 0.049 0.013 -0.054
6.710 -0.030 -0.016 0.062 0.000 0.049 0.013 -0.054
6.720 -0.030 -0.016 0.062 0.000 0.049 0.013 -0.055
6.730 -0.030 -0.016 0.062 0.000 0.050 0.013 -0.055
6.740 -0.030 -0.016 0.062 0.000 0.050 0.013 -0.055
6.750 -0.030 -0.016 0.062 0.000 0.050 0.013 -0.055
6.760 -0.030 -0.016 0.062 0.000 0.050 0.013 -0.055
6.770 -0.030 -0.015 0.062 0.000 0.050 0.012 -0.055
6.780 -0.030 -0.015 0.063 0.000 0.050 0.012 -0.055
6.790 -0.030 -0.015 0.063 0.000 0.050 0.012 -0.055
6.800 -0.030 -0.015 0.063 0.000 0.050 0.012 -0.055
6.810 -0.030 -0.015 0.063 0.000 0.050 0.012 -0.055
6.820 -0.030 -0.014 0.063 0.000 0.050 0.012 -0.055
6.830 -0.030 -0.014 0.063 0.000 0.050 0.012 -0.056
6.840 -0.030 -0.014 0.063 0.000 0.050 0.011 -0.056
6.850 -0.030 -0.014 0.063 0.000 0.050 0.011 -0.056
6.860 -0.030 -0.014 0.064 0.000 0.050 0.011 -0.056
6.870 -0.030 -0.014 0.064 0.000 0.050 0.011 -0.056
6.880 -0.030 -0.014 0.064 0.000 0.050 0.011 -0.056
6.890 -0.030 -0.013 0.064 0.000 0.050 0.011 -0.056
6.900 -0.030 -0.013 0.064 0.000 0.050 0.011 -0.056
6.910 -0.030 -0.013 0.064 0.000 0.050 0.011 -0.056
6.920 -0.030 -0.013 0.064 0.000 0.050 0.010 -0.056
6.930 -0.030 -0.013 0.064 0.000 0.050 0.010 -0.056
6.940 -0.030 -0.013 0.064 0.000 0.050 0.010 -0.057
6.950 -0.030 -0.012 0.064 0.000 0.050 0.010 -0.057
6.960 -0.030 -0.012 0.065 0.000 0.051 0.010 -0.057
6.970 -0.030 -0.012 0.065 0.000 0.051 0.010 -0.057
6.980 -0.030 -0.012 0.065 0.000 0.051 0.009 -0.057
6.990 -0.030 -0.012 0.065 0.000 0.051 0.009 -0.057
7.000 -0.030 -0.012 0.065 0.000 0.051 0.009 -0.057
7.010 -0.030 -0.011 0.065 0.000 0.051 0.009 -0.057
7.020 -0.031 -0.011 0.065 0.000 0.051 0.009 -0.057
7.030 -0.031 -0.011 0.065 0.000 0.051 0.009 -0.057
7.040 -0.031 -0.011 0.065 0.000 0.051 0.009 -0.057
7.050 -0.031 -0.011 0.065 0.000 0.051 0.009 -0.057
7.060 -0.031 -0.011 0.066 0.000 0.051 0.009 -0.057
7.070 -0.031 -0.010 0.066 0.000 0.051 0.008 -0.057
7.080 -0.031 -0.010 0.066 0.000 0.051 0.008 -0.058
7.090 -0.031 -0.010 0.066 0.000 0.051 0.008 -0.058
7.100 -0.031 -0.010 0.066 0.000 0.051 0.008 -0.058
7.110 -0.031 -0.010 0.066 0.000 0.051 0.008 -0.058
7.120 -0.031 -0.009 0.066 0.000 0.051 0.008 -0.058
7.130 -0.031 -0.009 0.066 0.000 0.051 0.007 -0.058
7.140 -0.031 -0.009 0.066 0.000 0.051 0.007 -0.058
7.150 -0.031 -0.009 0.066 0.000 0.051 0.007 -0.058
7.160 -0.031 -0.009 0.066 0.000 0.051 0.007 -0.058
7.170 -0.031 -0.009 0.066 0.000 0.051 0.007 -0.058
7.180 -0.031 -0.009 0.066 0.000 0.051 0.007 -0.058
7.190 -0.031 -0.008 0.067 0.000 0.051 0.007 -0.058
7.200 -0.031 -0.008 0.067 0.000 0.051 0.007 -0.058
7.210 -0.031 -0.008 0.067 0.000 0.051 0.007 -0.058
7.220 -0.031 -0.008 0.067 0.000 0.051 0.006 -0.058
7.230 -0.031 -0.008 0.067 0.000 0.051 0.006 -0.058
7.240 -0.031 -0.008 0.067 0.000 0.051 0.006 -0.058
7.250 -0.031 -0.007 0.067 0.000 0.051 0.006 -0.059
7.260 -0.031 -0.007 0.067 0.000 0.051 0.006 -0.059
7.270 -0.031 -0.007 0.067 0.000 0.051 0.005 -0.059
7.280 -0.031 -0.007 0.067 0.000 0.051 0.005 -0.059
7.290 -0.031 -0.006 0.067 0.000 0.051 0.005 -0.059
7.300 -0.031 -0.006 0.067 0.000 0.051 0.005 -0.059
7.310 -0.031 -0.006 0.067 0.000 0.051 0.005 -0.059
7.320 -0.031 -0.006 0.067 0.000 0.051 0.005 -0.059
7.330 -0.031 -0.006 0.067 0.000 0.051 0.005 -0.059
7.340 -0.031 -0.006 0.067 0.000 0.052 0.005 -0.059
7.350 -0.031 -0.006 0.067 0.000 0.052 0.005 -0.059
7.360 -0.031 -0.006 0.067 0.000 0.052 0.004 -0.059
7.370 -0.031 -0.005 0.067 0.000 0.052 0.004 -0.059
7.380 -0.031 -0.005 0.068 0.000 0.052 0.004 -0.059
7.390 -0.031 -0.005 0.068 0.000 0.052 0.004 -0.059
7.400 -0.031 -0.005 0.068 0.000 0.052 0.004 -0.059
7.410 -0.031 -0.004 0.068 0.000 0.052 0.004 -0.059
7.420 -0.031 -0.004 0.068 0.000 0.052 0.003 -0.059
7.430 -0.031 -0.004 0.068 0.000 0.052 0.003 -0.059
7.440 -0.031 -0.004 0.068 0.000 0.052 0.003 -0.059
7.450 -0.031 -0.004 0.068 0.000 0.052 0.003 -0.059
7.460 -0.031 -0.004 0.068 0.000 0.052 0.003 -0.059
7.470 -0.031 -0.004 0.068 0.000 0.052 0.003 -0.059
7.480 -0.031 -0.004 0.068 0.000 0.052 0.003 -0.059
7.490 -0.031 -0.004 0.068 0.000 0.052 0.003 -0.059
7.500 -0.031 -0.003 0.068 0.000 0.052 0.003 -0.059
7.510 -0.031 -0.003 0.068 0.000 0.052 0.003 -0.059
7.520 -0.031 -0.003 0.068 0.000 0.052 0.002 -0.059
7.530 -0.031 -0.003 0.068 0.000 0.052 0.002 -0.059
7.540 -0.031 -0.002 0.068 0.000 0.052 0.002 -0.059
7.550 -0.031 -0.002 0.068 0.000 0.052 0.002 -0.059
7.560 -0.031 -0.002 0.068 0.000 0.052 0.001 -0.059
7.570 -0.031 -0.001 0.068 0.000 0.052 0.001 -0.059
7.580 -0.031 -0.001 0.068 0.000 0.052 0.001 -0.059
7.590 -0.031 -0.000 0.068 0.000 0.052 0.000 -0.059
7.600 -0.031 -0.000 0.068 0.000 0.052 0.000 -0.059
7.610 -0.031 -0.000 0.068 0.000 0.052 0.000 -0.060
7.620 -0.031 -0.000 0.068 0.000 0.052 0.000 -0.060
7.630 -0.031 -0.000 0.068 0.000 0.052 0.000 -0.060
7.640 -0.031 -0.000 0.068 0.000 0.052 0.000 -0.060
7.650 -0.031 -0.000 0.068 0.000 0.052 0.000 -0.060
7.660 -0.031 -0.000 0.068 0.000 0.052 0.000 -0.060
7.670 -0.031 -0.000 0.068 0.000 0.052 0.000 -0.060
7.680 -0.031 -0.000 0.068 0.000 0.052 0.000 -0.060
7.690 -0.031 -0.000 0.068 0.000 0.052 0.000 -0.060
7.700 -0.031 -0.000 0.068 0.000 0.052 0.000 -0.060
7.710 -0.031 -0.000 0.068 0.000 0.052 0.000 -0.060
7.720 -0.031 -0.000 0.068 0.000 0.052 0.000 -0.060
7.730 -0.031 -0.000 0.068 0.000 0.052 0.000 -0.060
7.740 -0.031 0.000 0.068 0.000 0.052 -0.000 -0.059
7.750 -0.031 0.001 0.068 0.000 0.052 -0.001 -0.059
7.760 -0.031 0.001 0.068 0.000 0.052 -0.001 -0.060
7.770 -0.031 0.001 0.068 0.000 0.052 -0.001 -0.060
7.780 -0.031 0.002 0.068 0.000 0.052 -0.001 -0.060
7.790 -0.031 0.002 0.068 0.000 0.052 -0.002 -0.059
7.800 -0.031 0.002 0.068 0.000 0.052 -0.002 -0.059
7.810 -0.031 0.003 0.068 0.000 0.052 -0.002 -0.059
7.820 -0.031 0.003 0.068 0.000 0.052 -0.002 -0.059
7.830 -0.031 0.003 0.068 0.000 0.052 -0.002 -0.059
7.840 -0.031 0.003 0.068 0.000 0.052 -0.003 -0.059
7.850 -0.031 0.003 0.068 0.000 0.052 -0.003 -0.059
7.860 -0.031 0.003 0.068 0.000 0.052 -0.003 -0.059
7.870 -0.031 0.003 0.068 0.000 0.052 -0.003 -0.059
7.880 -0.031 0.003 0.068 0.000 0.052 -0.003 -0.059
7.890 -0.031 0.003 0.068 0.000 0.052 -0.003 -0.059
7.900 -0.031 0.004 0.068 0.000 0.052 -0.003 -0.059
7.910 -0.031 0.004 0.068 0.000 0.052 -0.003 -0.059
7.920 -0.031 0.004 0.068 0.000 0.052 -0.003 -0.059
7.930 -0.031 0.004 0.068 0.000 0.052 -0.004 -0.059
7.940 -0.031 0.005 0.068 0.000 0.052 -0.004 -0.059
7.950 -0.031 0.005 0.068 0.000 0.052 -0.004 -0.059
7.960 -0.031 0.005 0.068 0.000 0.052 -0.004 -0.059
7.970 -0.031 0.005 0.068 0.000 0.052 -0.004 -0.059
7.980 -0.031 0.005 0.067 0.000 0.052 -0.004 -0.059
7.990 -0.031 0.006 0.067 0.000 0.052 -0.004 -0.059
8.000 -0.031 0.006 0.067 0.000 0.052 -0.005 -0.059
8.010 -0.031 0.006 0.067 0.000 0.051 -0.005 -0.059
8.020 -0.031 0.006 0.067 0.000 0.051 -0.005 -0.059
8.030 -0.031 0.006 0.067 0.000 0.051 -0.005 -0.059
8.040 -0.031 0.006 0.067 0.000 0.051 -0.005 -0.059
8.050 -0.031 0.006 0.067 0.000 0.051 -0.005 -0.059
8.060 -0.031 0.007 0.067 0.000 0.051 -0.005 -0.059
8.070 -0.031 0.007 0.067 0.000 0.051 -0.005 -0.059
8.080 -0.031 0.007 0.067 0.000 0.051 -0.006 -0.059
8.090 -0.031 0.007 0.067 0.000 0.051 -0.006 -0.059
8.100 -0.031 0.007 0.067 0.000 0.051 -0.006 -0.059
8.110 -0.031 0.008 0.067 0.000 0.051 -0.006 -0.059
8.120 -0.031 0.008 0.067 0.000 0.051 -0.006 -0.059
8.130 -0.031 0.008 0.067 0.000 0.051 -0.006 -0.058
8.140 -0.031 0.008 0.067 0.000 0.051 -0.007 -0.058
8.150 -0.031 0.008 0.067 0.000 0.051 -0.007 -0.058
8.160 -0.031 0.008 0.066 0.000 0.051 -0.007 -0.058
8.170 -0.031 0.009 0.066 0.000 0.051 -0.007 -0.058
8.180 -0.031 0.009 0.066 0.000 0.051 -0.007 -0.058
8.190 -0.031 0.009 0.066 0.000 0.051 -0.007 -0.058
8.200 -0.031 0.009 0.066 0.000 0.051 -0.007 -0.058
8.210 -0.031 0.009 0.066 0.000 0.051 -0.007 -0.058
8.220 -0.031 0.009 0.066 0.000 0.051 -0.008 -0.058
8.230 -0.031 0.010 0.066 0.000 0.051 -0.008 -0.058
8.240 -0.031 0.010 0.066 0.000 0.051 -0.008 -0.058
8.250 -0.031 0.010 0.066 0.000 0.051 -0.008 -0.058
8.260 -0.031 0.010 0.066 0.000 0.051 -0.008 -0.058
8.270 -0.031 0.010 0.066 0.000 0.051 -0.008 -0.058
8.280 -0.030 0.010 0.066 0.000 0.051 -0.008 -0.058
8.290 -0.030 0.011 0.065 0.000 0.051 -0.009 -0.058
8.300 -0.030 0.011 0.065 0.000 0.051 -0.009 -0.057
8.310 -0.030 0.011 0.065 0.000 0.051 -0.009 -0.057
8.320 -0.030 0.011 0.065 0.000 0.051 -0.009 -0.057
8.330 -0.030 0.011 0.065 0.000 0.051 -0.009 -0.057
8.340 -0.030 0.011 0.065 0.000 0.051 -0.009 -0.057
8.350 -0.030 0.011 0.065 0.000 0.051 -0.009 -0.057
8.360 -0.030 0.012 0.065 0.000 0.051 -0.009 -0.057
8.370 -0.030 0.012 0.065 0.000 0.051 -0.010 -0.057
8.380 -0.030 0.012 0.065 0.000 0.051 -0.010 -0.057
8.390 -0.030 0.012 0.065 0.000 0.050 -0.010 -0.057
8.400 -0.030 0.012 0.064 0.000 0.050 -0.010 -0.057
8.410 -0.030 0.013 0.064 0.000 0.050 -0.010 -0.057
8.420 -0.030 0.013 0.064 0.000 0.050 -0.010 -0.057
8.430 -0.030 0.013 0.064 0.000 0.050 -0.010 -0.057
8.440 -0.030 0.013 0.064 0.000 0.050 -0.011 -0.056
8.450 -0.030 0.013 0.064 0.000 0.050 -0.011 -0.056
8.460 -0.030 0.013 0.064 0.000 0.050 -0.011 -0.056
8.470 -0.030 0.014 0.064 0.000 0.050 -0.011 -0.056
8.480 -0.030 0.014 0.064 0.000 0.050 -0.011 -0.056
8.490 -0.030 0.014 0.063 0.000 0.050 -0.011 -0.056
8.500 -0.030 0.014 0.063 -0.000 0.050 -0.011 -0.056
8.510 -0.030 0.014 0.063 -0.000 0.050 -0.011 -0.056
8.520 -0.030 0.014 0.063 -0.000 0.050 -0.012 -0.056
8.530 -0.030 0.015 0.063 -0.000 0.050 -0.012 -0.056
8.540 -0.030 0.015 0.063 -0.000 0.050 -0.012 -0.056
8.550 -0.030 0.015 0.063 -0.000 0.050 -0.012 -0.055
8.560 -0.030 0.015 0.063 -0.000 0.050 -0.012 -0.055
8.570 -0.030 0.015 0.063 -0.000 0.050 -0.012 -0.055
8.580 -0.030 0.015 0.062 -0.000 0.050 -0.012 -0.055
8.590 -0.029 0.016 0.062 -0.000 0.050 -0.013 -0.055
8.600 -0.029 0.016 0.062 -0.000 0.050 -0.013 -0.055
8.610 -0.029 0.016 0.062 -0.000 0.050 -0.013 -0.055
8.620 -0.029 0.016 0.062 -0.000 0.049 -0.013 -0.055
8.630 -0.029 0.016 0.062 -0.000 0.049 -0.013 -0.055
8.640 -0.029 0.016 0.062 -0.000 0.049 -0.013 -0.055
8.650 -0.029 0.016 0.061 0.000 0.049 -0.013 -0.054
8.660 -0.029 0.017 0.061 0.000 0.049 -0.013 -0.054
8.670 -0.029 0.017 0.061 0.000 0.049 -0.014 -0.054
8.680 -0.029 0.017 0.061 0.000 0.049 -0.014 -0.054
8.690 -0.029 0.017 0.061 0.000 0.049 -0.014 -0.054
8.700 -0.029 0.017 0.061 0.000 0.049 -0.014 -0.054
8.710 -0.029 0.017 0.061 0.000 0.049 -0.014 -0.054
8.720 -0.029 0.018 0.061 0.000 0.049 -0.014 -0.054
8.730 -0.029 0.018 0.060 0.000 0.049 -0.015 -0.054
8.740 -0.029 0.018 0.060 0.000 0.049 -0.015 -0.054
8.750 -0.029 0.018 0.060 0.000 0.049 -0.015 -0.053
8.760 -0.029 0.018 0.060 0.000 0.049 -0.015 -0.053
8.770 -0.029 0.018 0.060 0.000 0.049 -0.015 -0.053
8.780 -0.029 0.019 0.060 0.000 0.049 -0.015 -0.053
8.790 -0.029 0.019 0.059 0.000 0.049 -0.015 -0.053
8.800 -0.029 0.019 0.059 0.000 0.048 -0.015 -0.053
8.810 -0.028 0.019 0.059 0.000 0.048 -0.016 -0.053
8.820 -0.028 0.019 0.059 0.000 0.048 -0.016 -0.053
8.830 -0.028 0.019 0.059 0.000 0.048 -0.016 -0.052
8.840 -0.028 0.020 0.059 0.000 0.048 -0.016 -0.052
8.850 -0.028 0.020 0.059 0.000 0.048 -0.016 -0.052
8.860 -0.028 0.020 0.058 0.000 0.048 -0.016 -0.052
8.870 -0.028 0.020 0.058 0.000 0.048 -0.016 -0.052
8.880 -0.028 0.020 0.058 0.000 0.048 -0.017 -0.052
8.890 -0.028 0.020 0.058 0.000 0.048 -0.017 -0.052
8.900 -0.028 0.020 0.058 0.000 0.048 -0.017 -0.052
8.910 -0.028 0.021 0.058 0.000 0.048 -0.017 -0.052
8.920 -0.028 0.021 0.057 0.000 0.048 -0.017 -0.051
8.930 -0.028 0.021 0.057 0.000 0.048 -0.017 -0.051
8.940 -0.028 0.021 0.057 0.000 0.048 -0.017 -0.051
8.950 -0.028 0.021 0.057 0.000 0.048 -0.017 -0.051
8.960 -0.028 0.021 0.057 0.000 0.047 -0.018 -0.051
8.970 -0.028 0.021 0.057 0.000 0.047 -0.018 -0.051
8.980 -0.028 0.022 0.056 0.000 0.047 -0.018 -0.051
8.990 -0.028 0.022 0.056 0.000 0.047 -0.018 -0.050
9.000 -0.027 0.022 0.056 0.000 0.047 -0.018 -0.050
9.010 -0.027 0.022 0.056 0.000 0.047 -0.018 -0.050
9.020 -0.027 0.022 0.056 0.000 0.047 -0.018 -0.050
9.030 -0.027 0.022 0.056 0.000 0.047 -0.019 -0.050
9.040 -0.027 0.023 0.055 0.000 0.047 -0.019 -0.050
9.050 -0.027 0.023 0.055 0.000 0.047 -0.019 -0.050
9.060 -0.027 0.023 0.055 0.000 0.047 -0.019 -0.050
9.070 -0.027 0.023 0.055 0.000 0.047 -0.019 -0.049
9.080 -0.027 0.023 0.055 0.000 0.047 -0.019 -0.049
9.090 -0.027 0.023 0.054 0.000 0.047 -0.019 -0.049
9.100 -0.027 0.023 0.054 0.000 0.046 -0.019 -0.049
9.110 -0.027 0.024 0.054 0.000 0.046 -0.019 -0.049
9.120 -0.027 0.024 0.054 0.000 0.046 -0.020 -0.049
9.130 -0.027 0.024 0.054 0.000 0.046 -0.020 -0.049
9.140 -0.027 0.024 0.054 0.000 0.046 -0.020 -0.048
9.150 -0.027 0.024 0.053 0.000 0.046 -0.020 -0.048
9.160 -0.026 0.024 0.053 0.000 0.046 -0.020 -0.048
9.170 -0.026 0.024 0.053 0.000 0.046 -0.020 -0.048
9.180 -0.026 0.025 0.053 0.000 0.046 -0.020 -0.048
9.190 -0.026 0.025 0.053 0.000 0.046 -0.021 -0.048
9.200 -0.026 0.025 0.052 0.000 0.046 -0.021 -0.048
9.210 -0.026 0.025 0.052 0.000 0.046 -0.021 -0.047
9.220 -0.026 0.025 0.052 0.000 0.045 -0.021 -0.047
9.230 -0.026 0.025 0.052 0.000 0.045 -0.021 -0.047
9.240 -0.026 0.025 0.052 0.000 0.045 -0.021 -0.047
9.250 -0.026 0.026 0.051 0.000 0.045 -0.021 -0.047
9.260 -0.026 0.026 0.051 -0.000 0.045 -0.021 -0.047
9.270 -0.026 0.026 0.051 -0.000 0.045 -0.022 -0.046
9.280 -0.026 0.026 0.051 -0.000 0.045 -0.022 -0.046
9.290 -0.026 0.026 0.051 -0.000 0.045 -0.022 -0.046
9.300 -0.025 0.026 0.050 -0.000 0.045 -0.022 -0.046
9.310 -0.025 0.026 0.050 -0.000 0.045 -0.022 -0.046
9.320 -0.025 0.027 0.050 -0.000 0.045 -0.022 -0.046
9.330 -0.025 0.027 0.050 -0.000 0.044 -0.022 -0.046
9.340 -0.025 0.027 0.050 -0.000 0.044 -0.023 -0.045
9.350 -0.025 0.027 0.049 -0.000 0.044 -0.023 -0.045
9.360 -0.025 0.027 0.049 -0.000 0.044 -0.023 -0.045
9.370 -0.025 0.027 0.049 -0.000 0.044 -0.023 -0.045
9.380 -0.025 0.027 0.049 -0.000 0.044 -0.023 -0.045
9.390 -0.025 0.027 0.048 -0.000 0.044 -0.023 -0.045
9.400 -0.025 0.028 0.048 -0.000 0.044 -0.023 -0.044
9.410 -0.025 0.028 0.048 0.000 0.044 -0.023 -0.044
9.420 -0.025 0.028 0.048 0.000 0.044 -0.023 -0.044
9.430 -0.024 0.028 0.048 0.000 0.043 -0.024 -0.044
9.440 -0.024 0.028 0.047 0.000 0.043 -0.024 -0.044
9.450 -0.024 0.028 0.047 0.000 0.043 -0.024 -0.044
9.460 -0.024 0.028 0.047 0.000 0.043 -0.024 -0.043
9.470 -0.024 0.029 0.047 0.000 0.043 -0.024 -0.043
9.480 -0.024 0.029 0.047 0.000 0.043 -0.024 -0.043
9.490 -0.024 0.029 0.046 0.000 0.043 -0.024 -0.043
9.500 -0.024 0.029 0.046 0.000 0.043 -0.025 -0.043
9.510 -0.024 0.029 0.046 0.000 0.043 -0.025 -0.043
9.520 -0.024 0.029 0.046 0.000 0.043 -0.025 -0.042
9.530 -0.024 0.029 0.045 0.000 0.042 -0.025 -0.042
9.540 -0.024 0.029 0.045 0.000 0.042 -0.025 -0.042
9.550 -0.023 0.029 0.045 0.000 0.042 -0.025 -0.042
9.560 -0.023 0.030 0.045 0.000 0.042 -0.025 -0.042
9.570 -0.023 0.030 0.044 0.000 0.042 -0.025 -0.042
9.580 -0.023 0.030 0.044 0.000 0.042 -0.025 -0.041
9.590 -0.023 0.030 0.044 0.000 0.042 -0.026 -0.041
9.600 -0.023 0.030 0.044 0.000 0.042 -0.026 -0.041
9.610 -0.023 0.030 0.044 0.000 0.042 -0.026 -0.041
9.620 -0.023 0.030 0.043 0.000 0.041 -0.026 -0.041
9.630 -0.023 0.031 0.043 0.000 0.041 -0.026 -0.041
9.640 -0.023 0.031 0.043 0.000 0.041 -0.026 -0.040
9.650 -0.023 0.031 0.043 0.000 0.041 -0.026 -0.040
9.660 -0.022 0.031 0.042 0.000 0.041 -0.026 -0.040
9.670 -0.022 0.031 0.042 0.000 0.041 -0.027 -0.040
9.680 -0.022 0.031 0.042 0.000 0.041 -0.027 -0.040
9.690 -0.022 0.031 0.042 0.000 0.041 -0.027 -0.039
9.700 -0.022 0.031 0.041 0.000 0.040 -0.027 -0.039
9.710 -0.022 0.031 0.041 0.000 0.040 -0.027 -0.039
9.720 -0.022 0.032 0.041 0.000 0.040 -0.027 -0.039
9.730 -0.022 0.032 0.041 0.000 0.040 -0.027 -0.039
9.740 -0.022 0.032 0.041 0.000 0.040 -0.027 -0.039
9.750 -0.022 0.032 0.040 0.000 0.040 -0.028 -0.038
9.760 -0.021 0.032 0.040 0.000 0.040 -0.028 -0.038
9.770 -0.021 0.032 0.040 0.000 0.040 -0.028 -0.038
9.780 -0.021 0.032 0.040 0.000 0.040 -0.028 -0.038
9.790 -0.021 0.032 0.039 0.000 0.039 -0.028 -0.038
9.800 -0.021 0.032 0.039 0.000 0.039 -0.028 -0.037
9.810 -0.021 0.033 0.039 0.000 0.039 -0.028 -0.037
9.820 -0.021 0.033 0.039 0.000 0.039 -0.028 -0.037
9.830 -0.021 0.033 0.038 0.000 0.039 -0.028 -0.037
9.840 -0.021 0.033 0.038 0.000 0.039 -0.029 -0.037
9.850 -0.021 0.033 0.038 0.000 0.039 -0.029 -0.036
9.860 -0.020 0.033 0.037 -0.000 0.038 -0.029 -0.036
9.870 -0.020 0.033 0.037 -0.000 0.038 -0.029 -0.036
9.880 -0.020 0.033 0.037 -0.000 0.038 -0.029 -0.036
9.890 -0.020 0.033 0.037 -0.000 0.038 -0.029 -0.036
9.900 -0.020 0.034 0.037 -0.000 0.038 -0.029 -0.036
9.910 -0.020 0.034 0.036 -0.000 0.038 -0.029 -0.035
9.920 -0.020 0.034 0.036 -0.000 0.038 -0.029 -0.035
9.930 -0.020 0.034 0.036 -0.000 0.038 -0.030 -0.035
9.940 -0.020 0.034 0.036 -0.000 0.037 -0.030 -0.035
9.950 -0.019 0.034 0.035 -0.000 0.037 -0.030 -0.035
9.960 -0.019 0.034 0.035 -0.000 0.037 -0.030 -0.034
9.970 -0.019 0.034 0.035 -0.000 0.037 -0.030 -0.034
9.980 -0.019 0.034 0.034 -0.000 0.037 -0.030 -0.034
9.990 -0.019 0.034 0.034 -0.000 0.037 -0.030 -0.034
10.000 -0.019 0.035 0.034 -0.000 0.037 -0.030 -0.034
10.010 -0.019 0.035 0.034 -0.000 0.036 -0.030 -0.033
10.020 -0.019 0.035 0.033 -0.000 0.036 -0.031 -0.033
10.030 -0.019 0.035 0.033 -0.000 0.036 -0.031 -0.033
10.040 -0.018 0.035 0.033 -0.000 0.036 -0.031 -0.033
10.050 -0.018 0.035 0.033 -0.000 0.036 -0.031 -0.033
10.060 -0.018 0.035 0.032 -0.000 0.036 -0.031 -0.033
10.070 -0.018 0.035 0.032 -0.000 0.036 -0.031 -0.032
10.080 -0.018 0.035 0.032 -0.000 0.035 -0.031 -0.032
10.090 -0.018 0.035 0.032 -0.000 0.035 -0.031 -0.032
10.100 -0.018 0.036 0.031 -0.000 0.035 -0.031 -0.032
10.110 -0.018 0.036 0.031 -0.000 0.035 -0.032 -0.032
10.120 -0.017 0.036 0.031 -0.000 0.035 -0.032 -0.031
10.130 -0.017 0.036 0.031 -0.000 0.035 -0.032 -0.031
10.140 -0.017 0.036 0.030 -0.000 0.034 -0.032 -0.031
10.150 -0.017 0.036 0.030 -0.000 0.034 -0.032 -0.031
10.160 -0.017 0.036 0.030 -0.000 0.034 -0.032 -0.031
10.170 -0.017 0.036 0.029 -0.000 0.034 -0.032 -0.030
10.180 -0.017 0.036 0.029 -0.000 0.034 -0.032 -0.030
10.190 -0.017 0.036 0.029 -0.000 0.034 -0.032 -0.030
10.200 -0.017 0.036 0.029 -0.000 0.034 -0.032 -0.030
10.210 -0.016 0.036 0.028 -0.000 0.033 -0.033 -0.030
10.220 -0.016 0.037 0.028 -0.000 0.033 -0.033 -0.029
10.230 -0.016 0.037 0.028 -0.000 0.033 -0.033 -0.029
10.240 -0.016 0.037 0.028 -0.000 0.033 -0.033 -0.029
10.250 -0.016 0.037 0.027 -0.000 0.033 -0.033 -0.029
10.260 -0.016 0.037 0.027 -0.000 0.033 -0.033 -0.029
10.270 -0.016 0.037 0.027 -0.000 0.032 -0.033 -0.028
10.280 -0.015 0.037 0.027 -0.000 0.032 -0.033 -0.028
10.290 -0.015 0.037 0.026 -0.000 0.032 -0.033 -0.028
10.300 -0.015 0.037 0.026 -0.000 0.032 -0.033 -0.028
10.310 -0.015 0.037 0.026 -0.000 0.032 -0.033 -0.028
10.320 -0.015 0.037 0.025 0.000 0.032 -0.034 -0.027
10.330 -0.015 0.037 0.025 0.000 0.031 -0.034 -0.027
10.340 -0.015 0.037 0.025 0.000 0.031 -0.034 -0.027
10.350 -0.015 0.038 0.025 0.000 0.031 -0.034 -0.027
10.360 -0.014 0.038 0.024 0.000 0.031 -0.034 -0.027
10.370 -0.014 0.038 0.024 0.000 0.031 -0.034 -0.026
10.380 -0.014 0.038 0.024 0.000 0.031 -0.034 -0.026
10.390 -0.014 0.038 0.024 0.000 0.030 -0.034 -0.026
10.400 -0.014 0.038 0.023 0.000 0.030 -0.034 -0.026
10.410 -0.014 0.038 0.023 0.000 0.030 -0.034 -0.026
10.420 -0.014 0.038 0.023 0.000 0.030 -0.035 -0.025
10.430 -0.013 0.038 0.022 0.000 0.030 -0.035 -0.025
10.440 -0.013 0.038 0.022 0.000 0.030 -0.035 -0.025
10.450 -0.013 0.038 0.022 0.000 0.029 -0.035 -0.025
10.460 -0.013 0.038 0.021 0.000 0.029 -0.035 -0.025
10.470 -0.013 0.038 0.021 -0.000 0.029 -0.035 -0.024
10.480 -0.013 0.038 0.021 -0.000 0.029 -0.035 -0.024
10.490 -0.013 0.038 0.021 -0.000 0.029 -0.035 -0.024
10.500 -0.012 0.039 0.021 -0.000 0.028 -0.035 -0.024
10.510 -0.012 0.039 0.020 -0.000 0.028 -0.035 -0.024
10.520 -0.012 0.039 0.020 -0.000 0.028 -0.035 -0.023
10.530 -0.012 0.039 0.020 -0.000 0.028 -0.036 -0.023
10.540 -0.012 0.039 0.020 -0.000 0.028 -0.036 -0.023
10.550 -0.012 0.039 0.019 -0.000 0.028 -0.036 -0.023
10.560 -0.012 0.039 0.019 -0.000 0.027 -0.036 -0.023
10.570 -0.011 0.039 0.019 -0.000 0.027 -0.036 -0.022
10.580 -0.011 0.039 0.018 -0.000 0.027 -0.036 -0.022
10.590 -0.011 0.039 0.018 -0.000 0.027 -0.036 -0.022
10.600 -0.011 0.039 0.018 -0.000 0.027 -0.036 -0.022
10.610 -0.011 0.039 0.017 -0.000 0.026 -0.036 -0.022
10.620 -0.011 0.039 0.017 -0.000 0.026 -0.036 -0.021
10.630 -0.011 0.039 0.017 -0.000 0.026 -0.036 -0.021
10.640 -0.010 0.039 0.017 -0.000 0.026 -0.036 -0.021
10.650 -0.010 0.039 0.016 -0.000 0.026 -0.036 -0.021
10.660 -0.010 0.039 0.016 -0.000 0.025 -0.037 -0.021
10.670 -0.010 0.040 0.016 -0.000 0.025 -0.037 -0.020
10.680 -0.010 0.040 0.016 -0.000 0.025 -0.037 -0.020
10.690 -0.010 0.040 0.015 -0.000 0.025 -0.037 -0.020
10.700 -0.010 0.040 0.015 -0.000 0.025 -0.037 -0.020
10.710 -0.009 0.040 0.015 -0.000 0.025 -0.037 -0.020
10.720 -0.009 0.040 0.014 -0.000 0.024 -0.037 -0.019
10.730 -0.009 0.040 0.014 -0.000 0.024 -0.037 -0.019
10.740 -0.009 0.040 0.014 -0.000 0.024 -0.037 -0.019
10.750 -0.009 0.040 0.013 -0.000 0.024 -0.037 -0.019
10.760 -0.008 0.040 0.013 -0.000 0.023 -0.037 -0.018
10.770 -0.008 0.040 0.013 0.000 0.023 -0.037 -0.018
10.780 -0.008 0.040 0.013 0.000 0.023 -0.037 -0.018
10.790 -0.008 0.040 0.012 0.000 0.023 -0.037 -0.018
10.800 -0.008 0.040 0.012 0.000 0.023 -0.038 -0.018
10.810 -0.008 0.040 0.012 0.000 0.023 -0.038 -0.018
10.820 -0.008 0.040 0.012 0.000 0.022 -0.038 -0.017
10.830 -0.008 0.040 0.012 0.000 0.022 -0.038 -0.017
10.840 -0.007 0.040 0.011 0.000 0.022 -0.038 -0.017
10.850 -0.007 0.040 0.011 0.000 0.022 -0.038 -0.017
10.860 -0.007 0.040 0.011 0.000 0.022 -0.038 -0.017
10.870 -0.007 0.040 0.010 0.000 0.021 -0.038 -0.016
10.880 -0.007 0.040 0.010 0.000 0.021 -0.038 -0.016
10.890 -0.006 0.040 0.010 0.000 0.021 -0.038 -0.016
10.900 -0.006 0.040 0.009 0.000 0.021 -0.038 -0.016
10.910 -0.006 0.040 0.009 0.000 0.020 -0.038 -0.015
10.920 -0.006 0.040 0.008 -0.000 0.020 -0.038 -0.015
10.930 -0.006 0.040 0.008 -0.000 0.020 -0.038 -0.015
10.940 -0.006 0.041 0.008 -0.000 0.020 -0.038 -0.015
10.950 -0.006 0.041 0.008 -0.000 0.020 -0.039 -0.015
10.960 -0.005 0.041 0.008 -0.000 0.019 -0.039 -0.015
10.970 -0.005 0.041 0.008 -0.000 0.019 -0.039 -0.014
10.980 -0.005 0.041 0.008 -0.000 0.019 -0.039 -0.014
10.990 -0.005 0.041 0.007 -0.000 0.019 -0.039 -0.014
11.000 -0.005 0.041 0.007 -0.000 0.019 -0.039 -0.014
11.010 -0.005 0.041 0.007 -0.000 0.018 -0.039 -0.014
11.020 -0.004 0.041 0.006 -0.000 0.018 -0.039 -0.013
11.030 -0.004 0.041 0.006 -0.000 0.018 -0.039 -0.013
11.040 -0.004 0.041 0.005 -0.000 0.018 -0.039 -0.013
11.050 -0.004 0.041 0.005 -0.000 0.017 -0.039 -0.013
11.060 -0.003 0.041 0.004 -0.000 0.017 -0.039 -0.012
11.070 -0.003 0.041 0.004 -0.000 0.017 -0.039 -0.012
11.080 -0.003 0.041 0.004 0.000 0.017 -0.039 -0.012
11.090 -0.003 0.041 0.004 0.000 0.016 -0.039 -0.012
11.100 -0.003 0.041 0.004 0.000 0.016 -0.039 -0.012
11.110 -0.003 0.041 0.004 0.000 0.016 -0.039 -0.012
11.120 -0.003 0.041 0.003 0.000 0.016 -0.039 -0.011
11.130 -0.003 0.041 0.003 0.000 0.016 -0.040 -0.011
11.140 -0.003 0.041 0.003 0.000 0.015 -0.040 -0.011
11.150 -0.002 0.041 0.003 0.000 0.015 -0.040 -0.011
11.160 -0.002 0.041 0.003 0.000 0.015 -0.040 -0.011
11.170 -0.002 0.041 0.002 0.000 0.015 -0.040 -0.010
11.180 -0.002 0.041 0.002 0.000 0.014 -0.040 -0.010
11.190 -0.001 0.041 0.002 0.000 0.014 -0.040 -0.010
11.200 -0.001 0.041 0.001 0.000 0.014 -0.040 -0.010
11.210 -0.001 0.041 0.001 0.000 0.014 -0.040 -0.009
11.220 -0.000 0.041 0.000 0.000 0.013 -0.040 -0.009
11.230 0.000 0.041 -0.000 -0.000 0.013 -0.040 -0.009
11.240 0.000 0.041 -0.000 -0.000 0.013 -0.040 -0.009
11.250 0.000 0.041 -0.001 -0.000 0.013 -0.040 -0.009
11.260 0.000 0.041 -0.001 -0.000 0.013 -0.040 -0.009
11.270 0.000 0.041 -0.001 -0.000 0.012 -0.040 -0.009
11.280 0.000 0.041 -0.001 -0.000 0.012 -0.040 -0.008
11.290 0.000 0.041 -0.002 -0.000 0.012 -0.040 -0.008
11.300 0.001 0.041 -0.002 -0.000 0.012 -0.040 -0.008
11.310 0.001 0.041 -0.002 -0.000 0.012 -0.040 -0.008
11.320 0.001 0.041 -0.002 -0.000 0.011 -0.040 -0.008
11.330 0.001 0.041 -0.002 -0.000 0.011 -0.040 -0.007
11.340 0.001 0.041 -0.002 -0.000 0.011 -0.040 -0.007
11.350 0.001 0.041 -0.002 -0.000 0.010 -0.040 -0.007
11.360 0.001 0.041 -0.002 -0.000 0.010 -0.040 -0.007
11.370 0.001 0.041 -0.002 -0.000 0.010 -0.040 -0.006
11.380 0.001 0.041 -0.003 -0.000 0.010 -0.040 -0.006
11.390 0.002 0.041 -0.003 -0.000 0.009 -0.040 -0.006
11.400 0.002 0.041 -0.004 -0.000 0.009 -0.041 -0.006
11.410 0.002 0.041 -0.004 -0.000 0.009 -0.041 -0.006
11.420 0.003 0.041 -0.005 -0.000 0.009 -0.041 -0.006
11.430 0.003 0.041 -0.005 -0.000 0.009 -0.041 -0.006
11.440 0.003 0.041 -0.006 -0.000 0.009 -0.041 -0.005
11.450 0.004 0.041 -0.006 -0.000 0.008 -0.041 -0.005
11.460 0.004 0.041 -0.006 -0.000 0.008 -0.041 -0.005
11.470 0.004 0.041 -0.006 -0.000 0.008 -0.041 -0.005
11.480 0.004 0.041 -0.007 -0.000 0.007 -0.041 -0.004
11.490 0.004 0.041 -0.007 -0.000 0.007 -0.041 -0.004
11.500 0.004 0.041 -0.007 -0.000 0.007 -0.041 -0.004
11.510 0.004 0.041 -0.007 -0.000 0.006 -0.041 -0.004
11.520 0.004 0.041 -0.007 -0.000 0.006 -0.041 -0.003
11.530 0.004 0.041 -0.007 -0.000 0.006 -0.041 -0.003
11.540 0.005 0.041 -0.008 -0.000 0.006 -0.041 -0.003
11.550 0.005 0.041 -0.008 -0.000 0.006 -0.041 -0.003
11.560 0.005 0.041 -0.008 -0.000 0.006 -0.041 -0.003
11.570 0.006 0.041 -0.009 -0.000 0.006 -0.041 -0.003
11.580 0.006 0.041 -0.009 -0.000 0.005 -0.041 -0.003
11.590 0.006 0.041 -0.009 -0.000 0.005 -0.041 -0.003
11.600 0.006 0.041 -0.010 -0.000 0.005 -0.041 -0.003
11.610 0.006 0.041 -0.010 -0.000 0.005 -0.041 -0.002
11.620 0.007 0.041 -0.010 -0.000 0.004 -0.041 -0.002
11.630 0.007 0.041 -0.010 -0.000 0.004 -0.041 -0.002
11.640 0.007 0.040 -0.010 -0.000 0.003 -0.041 -0.001
11.650 0.007 0.040 -0.011 -0.000 0.003 -0.041 -0.001
11.660 0.007 0.040 -0.011 -0.000 0.002 -0.041 -0.001
11.670 0.007 0.040 -0.011 -0.000 0.001 -0.041 -0.000
11.680 0.007 0.040 -0.011 -0.000 0.001 -0.041 0.000
11.690 0.008 0.040 -0.011 -0.000 0.001 -0.041 0.000
11.700 0.008 0.040 -0.012 -0.000 0.001 -0.041 0.000
11.710 0.008 0.040 -0.012 -0.000 0.001 -0.041 0.000
11.720 0.008 0.040 -0.012 -0.000 0.001 -0.041 0.000
11.730 0.009 0.040 -0.013 -0.000 0.001 -0.041 0.000
11.740 0.009 0.040 -0.013 -0.000 0.001 -0.041 0.001
11.750 0.009 0.040 -0.013 -0.000 0.001 -0.041 0.001
11.760 0.009 0.040 -0.014 -0.000 0.001 -0.041 0.001
11.770 0.009 0.040 -0.014 -0.000 0.000 -0.041 0.001
11.780 0.010 0.040 -0.014 -0.000 0.000 -0.041 0.001
11.790 0.010 0.040 -0.014 -0.000 0.000 -0.041 0.001
11.800 0.010 0.040 -0.014 -0.000 0.000 -0.041 0.001
11.810 0.010 0.040 -0.014 -0.000 0.000 -0.041 0.001
11.820 0.010 0.040 -0.015 -0.000 0.000 -0.041 0.001
11.830 0.010 0.040 -0.015 -0.000 -0.000 -0.041 0.001
11.840 0.011 0.040 -0.015 -0.000 -0.001 -0.041 0.002
11.850 0.011 0.040 -0.015 -0.000 -0.001 -0.041 0.002
11.860 0.011 0.040 -0.016 -0.000 -0.002 -0.041 0.002
11.870 0.011 0.040 -0.016 -0.000 -0.003 -0.041 0.003
11.880 0.012 0.040 -0.016 -0.000 -0.003 -0.041 0.003
11.890 0.012 0.040 -0.017 -0.000 -0.003 -0.041 0.003
11.900 0.012 0.040 -0.017 -0.000 -0.004 -0.041 0.003
11.910 0.012 0.039 -0.017 -0.000 -0.004 -0.041 0.004
11.920 0.012 0.039 -0.017 -0.000 -0.004 -0.041 0.004
11.930 0.013 0.039 -0.017 -0.000 -0.005 -0.041 0.004
11.940 0.013 0.039 -0.018 -0.000 -0.005 -0.041 0.004
11.950 0.013 0.039 -0.018 -0.000 -0.005 -0.041 0.004
11.960 0.013 0.039 -0.018 -0.000 -0.005 -0.041 0.004
11.970 0.013 0.039 -0.018 -0.000 -0.005 -0.041 0.004
11.980 0.013 0.039 -0.018 -0.000 -0.005 -0.041 0.004
11.990 0.014 0.039 -0.019 -0.000 -0.005 -0.041 0.004
12.000 0.014 0.039 -0.019 -0.000 -0.006 -0.041 0.005
12.010 0.014 0.039 -0.019 -0.000 -0.006 -0.041 0.005
12.020 0.014 0.039 -0.020 -0.000 -0.006 -0.041 0.005
12.030 0.014 0.039 -0.020 -0.000 -0.007 -0.041 0.005
12.040 0.015 0.039 -0.020 -0.000 -0.007 -0.041 0.006
12.050 0.015 0.039 -0.020 -0.000 -0.007 -0.041 0.006
12.060 0.015 0.039 -0.020 -0.000 -0.008 -0.041 0.006
12.070 0.015 0.039 -0.021 -0.000 -0.008 -0.041 0.006
12.080 0.015 0.039 -0.021 -0.000 -0.008 -0.041 0.006
12.090 0.016 0.038 -0.021 -0.000 -0.008 -0.041 0.006
12.100 0.016 0.038 -0.021 -0.000 -0.009 -0.041 0.007
12.110 0.016 0.038 -0.021 -0.000 -0.009 -0.041 0.007
12.120 0.016 0.038 -0.022 -0.000 -0.009 -0.040 0.007
12.130 0.016 0.038 -0.022 -0.000 -0.009 -0.040 0.007
12.140 0.016 0.038 -0.022 -0.000 -0.009 -0.040 0.007
12.150 0.017 0.038 -0.022 -0.000 -0.010 -0.040 0.007
12.160 0.017 0.038 -0.023 -0.000 -0.010 -0.040 0.007
12.170 0.017 0.038 -0.023 -0.000 -0.010 -0.040 0.008
12.180 0.017 0.038 -0.023 -0.000 -0.011 -0.040 0.008
12.190 0.018 0.038 -0.023 -0.000 -0.011 -0.040 0.008
12.200 0.018 0.038 -0.024 -0.000 -0.011 -0.040 0.008
12.210 0.018 0.038 -0.024 -0.000 -0.012 -0.040 0.008
12.220 0.018 0.038 -0.024 -0.000 -0.012 -0.040 0.009
12.230 0.018 0.038 -0.024 -0.000 -0.012 -0.040 0.009
12.240 0.019 0.038 -0.024 -0.000 -0.012 -0.040 0.009
12.250 0.019 0.037 -0.025 -0.000 -0.013 -0.040 0.009
12.260 0.019 0.037 -0.025 -0.000 -0.013 -0.040 0.009
12.270 0.019 0.037 -0.025 -0.000 -0.013 -0.040 0.009
12.280 0.019 0.037 -0.025 -0.000 -0.013 -0.040 0.009
12.290 0.019 0.037 -0.025 0.000 -0.013 -0.040 0.009
12.300 0.020 0.037 -0.026 0.000 -0.014 -0.040 0.010
12.310 0.020 0.037 -0.026 0.000 -0.014 -0.040 0.010
12.320 0.020 0.037 -0.026 0.000 -0.014 -0.040 0.010
12.330 0.020 0.037 -0.026 0.000 -0.015 -0.040 0.010
12.340 0.021 0.037 -0.026 0.000 -0.015 -0.040 0.010
12.350 0.021 0.037 -0.027 0.000 -0.015 -0.040 0.011
12.360 0.021 0.037 -0.027 0.000 -0.016 -0.040 0.011
12.370 0.021 0.037 -0.027 0.000 -0.016 -0.040 0.011
12.380 0.021 0.036 -0.027 0.000 -0.016 -0.039 0.011
12.390 0.022 0.036 -0.027 0.000 -0.016 -0.039 0.011
12.400 0.022 0.036 -0.028 0.000 -0.017 -0.039 0.011
12.410 0.022 0.036 -0.028 0.000 -0.017 -0.039 0.011
12.420 0.022 0.036 -0.028 0.000 -0.017 -0.039 0.011
12.430 0.022 0.036 -0.028 0.000 -0.017 -0.039 0.012
12.440 0.022 0.036 -0.028 -0.000 -0.017 -0.039 0.012
12.450 0.023 0.036 -0.029 -0.000 -0.018 -0.039 0.012
12.460 0.023 0.036 -0.029 -0.000 -0.018 -0.039 0.012
12.470 0.023 0.036 -0.029 -0.000 -0.018 -0.039 0.012
12.480 0.023 0.036 -0.029 -0.000 -0.019 -0.039 0.012
12.490 0.024 0.036 -0.029 -0.000 -0.019 -0.039 0.013
12.500 0.024 0.036 -0.030 -0.000 -0.019 -0.039 0.013
12.510 0.024 0.035 -0.030 -0.000 -0.020 -0.039 0.013
12.520 0.024 0.035 -0.030 -0.000 -0.020 -0.039 0.013
12.530 0.024 0.035 -0.030 -0.000 -0.020 -0.039 0.013
12.540 0.025 0.035 -0.030 -0.000 -0.020 -0.039 0.013
12.550 0.025 0.035 -0.031 -0.000 -0.020 -0.039 0.013
12.560 0.025 0.035 -0.031 -0.000 -0.021 -0.038 0.013
12.570 0.025 0.035 -0.031 -0.000 -0.021 -0.038 0.014
12.580 0.025 0.035 -0.031 -0.000 -0.021 -0.038 0.014
12.590 0.025 0.035 -0.031 0.000 -0.021 -0.038 0.014
12.600 0.026 0.035 -0.031 0.000 -0.022 -0.038 0.014
12.610 0.026 0.035 -0.032 0.000 -0.022 -0.038 0.014
12.620 0.026 0.034 -0.032 0.000 -0.022 -0.038 0.014
12.630 0.026 0.034 -0.032 0.000 -0.023 -0.038 0.014
12.640 0.027 0.034 -0.032 0.000 -0.023 -0.038 0.015
12.650 0.027 0.034 -0.032 0.000 -0.023 -0.038 0.015
12.660 0.027 0.034 -0.033 0.000 -0.023 -0.038 0.015
12.670 0.027 0.034 -0.033 0.000 -0.024 -0.038 0.015
12.680 0.027 0.034 -0.033 0.000 -0.024 -0.038 0.015
12.690 0.027 0.034 -0.033 0.000 -0.024 -0.038 0.015
12.700 0.028 0.034 -0.033 0.000 -0.024 -0.037 0.015
12.710 0.028 0.034 -0.033 0.000 -0.025 -0.037 0.015
12.720 0.028 0.034 -0.034 0.000 -0.025 -0.037 0.016
12.730 0.028 0.033 -0.034 0.000 -0.025 -0.037 0.016
12.740 0.028 0.033 -0.034 -0.000 -0.025 -0.037 0.016
12.750 0.029 0.033 -0.034 -0.000 -0.026 -0.037 0.016
12.760 0.029 0.033 -0.034 -0.000 -0.026 -0.037 0.016
12.770 0.029 0.033 -0.034 -0.000 -0.026 -0.037 0.016
12.780 0.029 0.033 -0.035 -0.000 -0.026 -0.037 0.016
12.790 0.029 0.033 -0.035 -0.000 -0.027 -0.037 0.017
12.800 0.030 0.033 -0.035 -0.000 -0.027 -0.037 0.017
12.810 0.030 0.033 -0.035 -0.000 -0.027 -0.037 0.017
12.820 0.030 0.033 -0.035 -0.000 -0.028 -0.037 0.017
12.830 0.030 0.032 -0.036 -0.000 -0.028 -0.036 0.017
12.840 0.030 0.032 -0.036 -0.000 -0.028 -0.036 0.017
12.850 0.031 0.032 -0.036 -0.000 -0.028 -0.036 0.017
12.860 0.031 0.032 -0.036 -0.000 -0.028 -0.036 0.017
12.870 0.031 0.032 -0.036 -0.000 -0.029 -0.036 0.017
12.880 0.031 0.032 -0.036 -0.000 -0.029 -0.036 0.018
12.890 0.031 0.032 -0.036 -0.000 -0.029 -0.036 0.018
12.900 0.031 0.032 -0.037 -0.000 -0.029 -0.036 0.018
12.910 0.032 0.032 -0.037 -0.000 -0.030 -0.036 0.018
12.920 0.032 0.032 -0.037 -0.000 -0.030 -0.036 0.018
12.930 0.032 0.031 -0.037 -0.000 -0.030 -0.036 0.018
12.940 0.032 0.031 -0.037 -0.000 -0.031 -0.035 0.018
12.950 0.032 0.031 -0.037 -0.000 -0.031 -0.035 0.018
12.960 0.033 0.031 -0.038 -0.000 -0.031 -0.035 0.019
12.970 0.033 0.031 -0.038 -0.000 -0.031 -0.035 0.019
12.980 0.033 0.031 -0.038 -0.000 -0.032 -0.035 0.019
12.990 0.033 0.031 -0.038 -0.000 -0.032 -0.035 0.019
13.000 0.033 0.031 -0.038 -0.000 -0.032 -0.035 0.019
13.010 0.034 0.031 -0.038 -0.000 -0.032 -0.035 0.019
13.020 0.034 0.030 -0.038 -0.000 -0.032 -0.035 0.019
13.030 0.034 0.030 -0.039 -0.000 -0.033 -0.035 0.019
13.040 0.034 0.030 -0.039 -0.000 -0.033 -0.034 0.019
13.050 0.034 0.030 -0.039 0.000 -0.033 -0.034 0.020
13.060 0.034 0.030 -0.039 0.000 -0.033 -0.034 0.020
13.070 0.035 0.030 -0.039 0.000 -0.034 -0.034 0.020
13.080 0.035 0.030 -0.039 0.000 -0.034 -0.034 0.020
13.090 0.035 0.030 -0.040 0.000 -0.034 -0.034 0.020
13.100 0.035 0.030 -0.040 0.000 -0.034 -0.034 0.020
13.110 0.035 0.029 -0.040 0.000 -0.035 -0.034 0.020
13.120 0.036 0.029 -0.040 0.000 -0.035 -0.034 0.020
13.130 0.036 0.029 -0.040 0.000 -0.035 -0.034 0.020
13.140 0.036 0.029 -0.040 0.000 -0.035 -0.034 0.021
13.150 0.036 0.029 -0.040 0.000 -0.036 -0.033 0.021
13.160 0.036 0.029 -0.040 0.000 -0.036 -0.033 0.021
13.170 0.037 0.029 -0.041 0.000 -0.036 -0.033 0.021
13.180 0.037 0.029 -0.041 0.000 -0.036 -0.033 0.021
13.190 0.037 0.029 -0.041 0.000 -0.037 -0.033 0.021
13.200 0.037 0.028 -0.041 -0.000 -0.037 -0.033 0.021
13.210 0.037 0.028 -0.041 -0.000 -0.037 -0.033 0.021
13.220 0.037 0.028 -0.041 -0.000 -0.037 -0.033 0.021
13.230 0.038 0.028 -0.041 -0.000 -0.038 -0.033 0.022
13.240 0.038 0.028 -0.042 -0.000 -0.038 -0.032 0.022
13.250 0.038 0.028 -0.042 -0.000 -0.038 -0.032 0.022
13.260 0.038 0.028 -0.042 -0.000 -0.038 -0.032 0.022
13.270 0.038 0.028 -0.042 -0.000 -0.039 -0.032 0.022
13.280 0.039 0.028 -0.042 -0.000 -0.039 -0.032 0.022
13.290 0.039 0.027 -0.042 -0.000 -0.039 -0.032 0.022
13.300 0.039 0.027 -0.042 -0.000 -0.039 -0.032 0.022
13.310 0.039 0.027 -0.042 -0.000 -0.039 -0.032 0.022
13.320 0.039 0.027 -0.043 -0.000 -0.040 -0.031 0.022
13.330 0.039 0.027 -0.043 -0.000 -0.040 -0.031 0.022
13.340 0.039 0.027 -0.043 -0.000 -0.040 -0.031 0.023
13.350 0.040 0.027 -0.043 -0.000 -0.040 -0.031 0.023
13.360 0.040 0.027 -0.043 -0.000 -0.040 -0.031 0.023
13.370 0.040 0.026 -0.043 -0.000 -0.041 -0.031 0.023
13.380 0.040 0.026 -0.043 -0.000 -0.041 -0.031 0.023
13.390 0.040 0.026 -0.044 -0.000 -0.041 -0.031 0.023
13.400 0.041 0.026 -0.044 -0.000 -0.041 -0.031 0.023
13.410 0.041 0.026 -0.044 -0.000 -0.042 -0.030 0.023
13.420 0.041 0.026 -0.044 -0.000 -0.042 -0.030 0.023
13.430 0.041 0.026 -0.044 -0.000 -0.042 -0.030 0.023
13.440 0.041 0.026 -0.044 -0.000 -0.042 -0.030 0.023
13.450 0.041 0.026 -0.044 -0.000 -0.043 -0.030 0.024
13.460 0.042 0.025 -0.044 -0.000 -0.043 -0.030 0.024
13.470 0.042 0.025 -0.044 -0.000 -0.043 -0.030 0.024
13.480 0.042 0.025 -0.045 -0.000 -0.043 -0.030 0.024
13.490 0.042 0.025 -0.045 -0.000 -0.043 -0.029 0.024
13.500 0.042 0.025 -0.045 0.000 -0.044 -0.029 0.024
13.510 0.042 0.025 -0.045 0.000 -0.044 -0.029 0.024
13.520 0.043 0.025 -0.045 0.000 -0.044 -0.029 0.024
13.530 0.043 0.025 -0.045 0.000 -0.044 -0.029 0.024
13.540 0.043 0.024 -0.045 0.000 -0.044 -0.029 0.024
13.550 0.043 0.024 -0.045 0.000 -0.045 -0.029 0.024
13.560 0.043 0.024 -0.045 0.000 -0.045 -0.029 0.025
13.570 0.043 0.024 -0.046 0.000 -0.045 -0.028 0.025
13.580 0.044 0.024 -0.046 0.000 -0.045 -0.028 0.025
13.590 0.044 0.024 -0.046 0.000 -0.046 -0.028 0.025
13.600 0.044 0.024 -0.046 0.000 -0.046 -0.028 0.025
13.610 0.044 0.024 -0.046 0.000 -0.046 -0.028 0.025
13.620 0.044 0.023 -0.046 0.000 -0.046 -0.028 0.025
13.630 0.044 0.023 -0.046 0.000 -0.046 -0.028 0.025
13.640 0.044 0.023 -0.046 0.000 -0.046 -0.027 0.025
13.650 0.045 0.023 -0.046 0.000 -0.047 -0.027 0.025
13.660 0.045 0.023 -0.046 0.000 -0.047 -0.027 0.025
13.670 0.045 0.023 -0.047 0.000 -0.047 -0.027 0.025
13.680 0.045 0.023 -0.047 0.000 -0.047 -0.027 0.025
13.690 0.045 0.023 -0.047 0.000 -0.048 -0.027 0.026
13.700 0.045 0.022 -0.047 0.000 -0.048 -0.027 0.026
13.710 0.046 0.022 -0.047 0.000 -0.048 -0.027 0.026
13.720 0.046 0.022 -0.047 0.000 -0.048 -0.026 0.026
13.730 0.046 0.022 -0.047 0.000 -0.048 -0.026 0.026
13.740 0.046 0.022 -0.047 0.000 -0.049 -0.026 0.026
13.750 0.046 0.022 -0.047 0.000 -0.049 -0.026 0.026
13.760 0.046 0.022 -0.047 0.000 -0.049 -0.026 0.026
13.770 0.046 0.021 -0.048 0.000 -0.049 -0.026 0.026
13.780 0.047 0.021 -0.048 0.000 -0.049 -0.026 0.026
13.790 0.047 0.021 -0.048 0.000 -0.049 -0.025 0.026
13.800 0.047 0.021 -0.048 -0.000 -0.050 -0.025 0.026
13.810 0.047 0.021 -0.048 -0.000 -0.050 -0.025 0.026
13.820 0.047 0.021 -0.048 -0.000 -0.050 -0.025 0.026
13.830 0.047 0.021 -0.048 -0.000 -0.050 -0.025 0.026
13.840 0.047 0.021 -0.048 -0.000 -0.050 -0.025 0.027
13.850 0.048 0.020 -0.048 -0.000 -0.051 -0.025 0.027
13.860 0.048 0.020 -0.048 -0.000 -0.051 -0.024 0.027
13.870 0.048 0.020 -0.048 -0.000 -0.051 -0.024 0.027
13.880 0.048 0.020 -0.049 -0.000 -0.051 -0.024 0.027
13.890 0.048 0.020 -0.049 -0.000 -0.051 -0.024 0.027
13.900 0.048 0.020 -0.049 -0.000 -0.052 -0.024 0.027
13.910 0.048 0.020 -0.049 -0.000 -0.052 -0.024 0.027
13.920 0.049 0.020 -0.049 -0.000 -0.052 -0.024 0.027
13.930 0.049 0.019 -0.049 -0.000 -0.052 -0.023 0.027
13.940 0.049 0.019 -0.049 -0.000 -0.052 -0.023 0.027
13.950 0.049 0.019 -0.049 0.000 -0.052 -0.023 0.027
13.960 0.049 0.019 -0.049 0.000 -0.053 -0.023 0.027
13.970 0.049 0.019 -0.049 0.000 -0.053 -0.023 0.027
13.980 0.049 0.019 -0.049 0.000 -0.053 -0.023 0.027
13.990 0.050 0.019 -0.049 0.000 -0.053 -0.023 0.028
14.000 0.050 0.018 -0.050 0.000 -0.053 -0.022 0.028
14.010 0.050 0.018 -0.050 0.000 -0.053 -0.022 0.028
14.020 0.050 0.018 -0.050 0.000 -0.054 -0.022 0.028
14.030 0.050 0.018 -0.050 0.000 -0.054 -0.022 0.028
14.040 0.050 0.018 -0.050 0.000 -0.054 -0.022 0.028
14.050 0.050 0.018 -0.050 0.000 -0.054 -0.022 0.028
14.060 0.050 0.018 -0.050 0.000 -0.054 -0.021 0.028
14.070 0.051 0.018 -0.050 0.000 -0.054 -0.021 0.028
14.080 0.051 0.017 -0.050 0.000 -0.055 -0.021 0.028
14.090 0.051 0.017 -0.050 0.000 -0.055 -0.021 0.028
14.100 0.051 0.017 -0.050 0.000 -0.055 -0.021 0.028
14.110 0.051 0.017 -0.050 -0.000 -0.055 -0.021 0.028
14.120 0.051 0.017 -0.050 -0.000 -0.055 -0.020 0.028
14.130 0.051 0.017 -0.050 -0.000 -0.055 -0.020 0.028
14.140 0.051 0.017 -0.051 -0.000 -0.055 -0.020 0.028
14.150 0.052 0.016 -0.051 -0.000 -0.056 -0.020 0.028
14.160 0.052 0.016 -0.051 -0.000 -0.056 -0.020 0.028
14.170 0.052 0.016 -0.051 -0.000 -0.056 -0.020 0.028
14.180 0.052 0.016 -0.051 -0.000 -0.056 -0.020 0.029
14.190 0.052 0.016 -0.051 -0.000 -0.056 -0.019 0.029
14.200 0.052 0.016 -0.051 -0.000 -0.056 -0.019 0.029
14.210 0.052 0.016 -0.051 -0.000 -0.057 -0.019 0.029
14.220 0.052 0.016 -0.051 -0.000 -0.057 -0.019 0.029
14.230 0.052 0.015 -0.051 -0.000 -0.057 -0.019 0.029
14.240 0.053 0.015 -0.051 -0.000 -0.057 -0.019 0.029
14.250 0.053 0.015 -0.051 -0.000 -0.057 -0.018 0.029
14.260 0.053 0.015 -0.051 0.000 -0.057 -0.018 0.029
14.270 0.053 0.015 -0.051 0.000 -0.057 -0.018 0.029
14.280 0.053 0.015 -0.051 0.000 -0.057 -0.018 0.029
14.290 0.053 0.015 -0.051 0.000 -0.058 -0.018 0.029
14.300 0.053 0.014 -0.052 0.000 -0.058 -0.018 0.029
14.310 0.053 0.014 -0.052 0.000 -0.058 -0.018 0.029
14.320 0.053 0.014 -0.052 0.000 -0.058 -0.017 0.029
14.330 0.054 0.014 -0.052 0.000 -0.058 -0.017 0.029
14.340 0.054 0.014 -0.052 0.000 -0.058 -0.017 0.029
14.350 0.054 0.014 -0.052 0.000 -0.058 -0.017 0.029
14.360 0.054 0.014 -0.052 0.000 -0.059 -0.017 0.029
14.370 0.054 0.013 -0.052 0.000 -0.059 -0.017 0.029
14.380 0.054 0.013 -0.052 0.000 -0.059 -0.016 0.029
14.390 0.054 0.013 -0.052 0.000 -0.059 -0.016 0.029
14.400 0.054 0.013 -0.052 0.000 -0.059 -0.016 0.029
14.410 0.054 0.013 -0.052 0.000 -0.059 -0.016 0.029
14.420 0.054 0.013 -0.052 0.000 -0.059 -0.016 0.030
14.430 0.054 0.013 -0.052 0.000 -0.059 -0.016 0.030
14.440 0.055 0.013 -0.052 0.000 -0.060 -0.015 0.030
14.450 0.055 0.012 -0.052 0.000 -0.060 -0.015 0.030
14.460 0.055 0.012 -0.052 0.000 -0.060 -0.015 0.030
14.470 0.055 0.012 -0.052 0.000 -0.060 -0.015 0.030
14.480 0.055 0.012 -0.053 0.000 -0.060 -0.015 0.030
14.490 0.055 0.012 -0.053 0.000 -0.060 -0.015 0.030
14.500 0.055 0.012 -0.053 0.000 -0.060 -0.014 0.030
14.510 0.055 0.012 -0.053 0.000 -0.060 -0.014 0.030
14.520 0.055 0.011 -0.053 0.000 -0.060 -0.014 0.030
14.530 0.055 0.011 -0.053 0.000 -0.061 -0.014 0.030
14.540 0.055 0.011 -0.053 0.000 -0.061 -0.014 0.030
14.550 0.055 0.011 -0.053 0.000 -0.061 -0.013 0.030
14.560 0.056 0.011 -0.053 0.000 -0.061 -0.013 0.030
14.570 0.056 0.011 -0.053 0.000 -0.061 -0.013 0.030
14.580 0.056 0.011 -0.053 0.000 -0.061 -0.013 0.030
14.590 0.056 0.010 -0.053 0.000 -0.061 -0.013 0.030
14.600 0.056 0.010 -0.053 0.000 -0.061 -0.013 0.030
14.610 0.056 0.010 -0.053 0.000 -0.061 -0.013 0.030
14.620 0.056 0.010 -0.053 0.000 -0.061 -0.012 0.030
14.630 0.056 0.010 -0.053 0.000 -0.062 -0.012 0.030
14.640 0.056 0.010 -0.053 0.000 -0.062 -0.012 0.030
14.650 0.056 0.010 -0.053 0.000 -0.062 -0.012 0.030
14.660 0.056 0.010 -0.053 0.000 -0.062 -0.012 0.030
14.670 0.056 0.009 -0.053 0.000 -0.062 -0.012 0.030
14.680 0.057 0.009 -0.053 0.000 -0.062 -0.011 0.030
14.690 0.057 0.009 -0.053 0.000 -0.062 -0.011 0.030
14.700 0.057 0.009 -0.053 0.000 -0.062 -0.011 0.030
14.710 0.057 0.009 -0.053 0.000 -0.062 -0.011 0.030
14.720 0.057 0.009 -0.053 0.000 -0.062 -0.011 0.030
14.730 0.057 0.008 -0.053 0.000 -0.062 -0.011 0.030
14.740 0.057 0.008 -0.054 0.000 -0.062 -0.010 0.031
14.750 0.057 0.008 -0.054 0.000 -0.063 -0.010 0.031
14.760 0.057 0.008 -0.054 0.000 -0.063 -0.010 0.031
14.770 0.057 0.008 -0.054 0.000 -0.063 -0.010 0.031
14.780 0.057 0.008 -0.054 0.000 -0.063 -0.010 0.031
14.790 0.057 0.008 -0.054 0.000 -0.063 -0.010 0.031
14.800 0.057 0.008 -0.054 0.000 -0.063 -0.009 0.031
14.810 0.057 0.007 -0.054 0.000 -0.063 -0.009 0.031
14.820 0.057 0.007 -0.054 0.000 -0.063 -0.009 0.031
14.830 0.057 0.007 -0.054 0.000 -0.063 -0.009 0.031
14.840 0.057 0.007 -0.054 0.000 -0.063 -0.009 0.031
14.850 0.058 0.007 -0.054 0.000 -0.063 -0.008 0.031
14.860 0.059 0.007 -0.055 0.000 -0.065 -0.008 0.031
14.870 0.065 0.007 -0.061 0.000 -0.072 -0.009 0.035
14.880 0.071 0.007 -0.066 0.000 -0.078 -0.009 0.038
14.890 0.074 0.008 -0.069 0.000 -0.082 -0.009 0.040
14.900 0.077 0.008 -0.071 0.000 -0.084 -0.009 0.041
14.910 0.077 0.008 -0.072 0.000 -0.085 -0.009 0.041
14.920 0.076 0.007 -0.071 0.000 -0.084 -0.009 0.041
14.930 0.074 0.007 -0.069 0.000 -0.081 -0.009 0.039
14.940 0.070 0.007 -0.065 0.000 -0.077 -0.008 0.037
14.950 0.065 0.006 -0.060 0.000 -0.071 -0.008 0.034
14.960 0.058 0.005 -0.054 0.000 -0.063 -0.007 0.031
14.970 0.049 0.005 -0.046 0.000 -0.054 -0.006 0.026
14.980 0.039 0.004 -0.036 0.000 -0.043 -0.004 0.021
14.990 0.028 0.003 -0.026 0.000 -0.030 -0.003 0.015
15.000 0.015 0.001 -0.014 0.000 -0.016 -0.002 0.008
15.010 0.000 0.000 0.000 0.000 0.000 0.000 0.000
15.020 0.000 0.000 0.000 0.000 0.000 0.000 0.000
