0.000 0.000 0.000 0.000 0.000 0.000 0.000
0.000 0.000 0.000 0.000 0.000 0.000 0.000
0.074 -0.001 -0.078 0.000 -0.086 0.001 0.049
0.122 -0.002 -0.129 0.000 -0.142 0.003 0.081
0.145 -0.003 -0.152 0.000 -0.168 0.003 0.096
0.141 -0.003 -0.149 0.000 -0.164 0.004 0.093
0.112 -0.003 -0.118 0.000 -0.130 0.004 0.074
0.110 -0.005 -0.115 0.000 -0.127 0.006 0.072
0.110 -0.007 -0.115 0.000 -0.127 0.008 0.072
0.109 -0.008 -0.115 0.000 -0.127 0.009 0.072
0.109 -0.008 -0.115 0.000 -0.127 0.010 0.072
0.109 -0.009 -0.115 0.000 -0.126 0.010 0.072
0.109 -0.010 -0.115 0.000 -0.126 0.012 0.072
0.109 -0.011 -0.115 0.000 -0.126 0.013 0.072
0.109 -0.012 -0.114 0.000 -0.126 0.014 0.072
0.108 -0.013 -0.114 0.000 -0.125 0.015 0.072
0.108 -0.013 -0.114 0.000 -0.125 0.016 0.071
0.108 -0.015 -0.114 0.000 -0.125 0.017 0.071
0.108 -0.016 -0.114 0.000 -0.124 0.018 0.071
0.107 -0.017 -0.113 0.000 -0.124 0.019 0.071
0.107 -0.017 -0.113 0.000 -0.123 0.020 0.071
0.106 -0.018 -0.113 0.000 -0.123 0.021 0.071
0.106 -0.019 -0.113 0.000 -0.122 0.022 0.070
0.106 -0.020 -0.112 0.000 -0.122 0.023 0.070
0.105 -0.021 -0.112 0.000 -0.122 0.024 0.070
0.105 -0.022 -0.112 0.000 -0.121 0.025 0.070
0.104 -0.023 -0.111 0.000 -0.120 0.026 0.069
0.104 -0.024 -0.111 0.000 -0.120 0.027 0.069
0.104 -0.025 -0.111 0.000 -0.119 0.028 0.069
0.103 -0.026 -0.110 0.000 -0.119 0.029 0.069
0.103 -0.026 -0.110 0.000 -0.118 0.030 0.068
0.102 -0.027 -0.110 0.000 -0.117 0.031 0.068
0.102 -0.028 -0.109 0.000 -0.117 0.032 0.068
0.101 -0.029 -0.109 0.000 -0.116 0.033 0.067
0.101 -0.030 -0.108 0.000 -0.115 0.034 0.067
0.100 -0.031 -0.108 0.000 -0.114 0.035 0.067
0.099 -0.031 -0.107 0.000 -0.114 0.036 0.066
0.099 -0.032 -0.107 -0.000 -0.113 0.037 0.066
0.098 -0.033 -0.106 -0.000 -0.112 0.038 0.066
0.098 -0.034 -0.106 -0.000 -0.111 0.039 0.065
0.097 -0.035 -0.105 -0.000 -0.110 0.040 0.065
0.096 -0.036 -0.105 -0.000 -0.109 0.041 0.065
0.095 -0.037 -0.104 0.000 -0.109 0.042 0.064
0.095 -0.038 -0.104 0.000 -0.108 0.043 0.064
0.094 -0.038 -0.103 0.000 -0.107 0.044 0.063
0.093 -0.039 -0.103 0.000 -0.106 0.044 0.063
0.093 -0.040 -0.102 0.000 -0.105 0.045 0.062
0.092 -0.041 -0.101 0.000 -0.104 0.046 0.062
0.091 -0.042 -0.101 0.000 -0.103 0.047 0.062
0.090 -0.043 -0.100 0.000 -0.102 0.048 0.061
0.090 -0.043 -0.100 0.000 -0.101 0.049 0.061
0.089 -0.044 -0.099 0.000 -0.100 0.050 0.060
0.088 -0.045 -0.098 0.000 -0.099 0.050 0.060
0.087 -0.046 -0.097 0.000 -0.098 0.051 0.059
0.086 -0.046 -0.097 0.000 -0.097 0.052 0.059
0.085 -0.047 -0.096 0.000 -0.096 0.053 0.058
0.085 -0.048 -0.095 0.000 -0.094 0.054 0.057
0.084 -0.049 -0.094 0.000 -0.093 0.055 0.057
0.083 -0.050 -0.094 0.000 -0.092 0.055 0.056
0.082 -0.050 -0.093 0.000 -0.091 0.056 0.056
0.081 -0.051 -0.092 0.000 -0.090 0.057 0.055
0.080 -0.052 -0.091 0.000 -0.088 0.058 0.055
0.079 -0.053 -0.090 -0.000 -0.087 0.058 0.054
0.078 -0.053 -0.090 -0.000 -0.086 0.059 0.053
0.077 -0.054 -0.089 -0.000 -0.085 0.060 0.053
0.076 -0.055 -0.088 -0.000 -0.084 0.061 0.052
0.075 -0.055 -0.087 -0.000 -0.082 0.061 0.051
0.074 -0.056 -0.086 0.000 -0.081 0.062 0.051
0.073 -0.057 -0.085 0.000 -0.080 0.063 0.050
0.072 -0.058 -0.084 0.000 -0.078 0.064 0.050
0.071 -0.058 -0.083 0.000 -0.077 0.064 0.049
0.070 -0.059 -0.082 0.000 -0.076 0.065 0.048
0.069 -0.060 -0.081 -0.000 -0.074 0.065 0.047
0.068 -0.060 -0.081 -0.000 -0.073 0.066 0.047
0.067 -0.061 -0.080 -0.000 -0.072 0.067 0.046
0.066 -0.062 -0.079 -0.000 -0.070 0.067 0.045
0.065 -0.062 -0.077 -0.000 -0.069 0.068 0.044
0.064 -0.063 -0.076 0.000 -0.067 0.069 0.044
0.063 -0.064 -0.075 0.000 -0.066 0.069 0.043
0.062 -0.064 -0.074 0.000 -0.065 0.070 0.042
0.061 -0.065 -0.073 0.000 -0.063 0.070 0.041
0.060 -0.065 -0.072 0.000 -0.062 0.071 0.041
0.058 -0.066 -0.071 0.000 -0.060 0.071 0.040
0.057 -0.067 -0.070 0.000 -0.059 0.072 0.039
0.056 -0.067 -0.069 0.000 -0.057 0.072 0.038
0.055 -0.068 -0.068 0.000 -0.056 0.073 0.037
0.054 -0.068 -0.067 0.000 -0.054 0.073 0.036
0.053 -0.069 -0.065 -0.000 -0.053 0.074 0.035
0.052 -0.069 -0.064 -0.000 -0.051 0.074 0.035
0.051 -0.070 -0.063 -0.000 -0.050 0.075 0.034
0.050 -0.070 -0.062 -0.000 -0.048 0.075 0.033
0.048 -0.071 -0.061 -0.000 -0.047 0.076 0.032
0.047 -0.071 -0.059 0.000 -0.045 0.076 0.031
0.046 -0.072 -0.058 0.000 -0.044 0.076 0.030
0.045 -0.072 -0.057 0.000 -0.042 0.077 0.030
0.044 -0.073 -0.056 0.000 -0.041 0.077 0.029
0.042 -0.073 -0.054 0.000 -0.039 0.078 0.028
0.041 -0.074 -0.053 -0.000 -0.037 0.078 0.026
0.040 -0.074 -0.052 -0.000 -0.036 0.078 0.026
0.039 -0.075 -0.051 -0.000 -0.035 0.079 0.025
0.038 -0.075 -0.049 -0.000 -0.033 0.079 0.024
0.037 -0.075 -0.048 -0.000 -0.031 0.079 0.023
0.035 -0.076 -0.046 -0.000 -0.029 0.079 0.022
0.034 -0.076 -0.045 0.000 -0.028 0.080 0.021
0.033 -0.077 -0.044 0.000 -0.027 0.080 0.020
0.032 -0.077 -0.043 0.000 -0.026 0.080 0.019
0.031 -0.077 -0.041 0.000 -0.024 0.080 0.018
0.029 -0.078 -0.039 0.000 -0.022 0.080 0.016
0.028 -0.078 -0.038 -0.000 -0.021 0.081 0.016
0.027 -0.078 -0.037 -0.000 -0.019 0.081 0.015
0.026 -0.079 -0.036 -0.000 -0.018 0.081 0.014
0.025 -0.079 -0.034 -0.000 -0.016 0.081 0.013
0.023 -0.079 -0.032 -0.000 -0.013 0.081 0.011
0.022 -0.079 -0.031 -0.000 -0.013 0.081 0.011
0.021 -0.080 -0.030 -0.000 -0.012 0.082 0.010
0.020 -0.080 -0.028 -0.000 -0.010 0.082 0.009
0.019 -0.080 -0.027 -0.000 -0.008 0.082 0.007
0.017 -0.080 -0.025 -0.000 -0.005 0.082 0.005
0.016 -0.080 -0.024 -0.000 -0.004 0.082 0.005
0.016 -0.081 -0.022 -0.000 -0.003 0.082 0.004
0.014 -0.081 -0.021 -0.000 -0.003 0.082 0.003
0.013 -0.081 -0.019 -0.000 -0.002 0.082 0.002
0.011 -0.081 -0.017 -0.000 -0.000 0.082 0.000
0.011 -0.081 -0.016 -0.000 0.002 0.082 -0.001
0.010 -0.081 -0.015 -0.000 0.005 0.082 -0.002
0.009 -0.082 -0.013 -0.000 0.006 0.082 -0.003
0.007 -0.082 -0.011 -0.000 0.007 0.082 -0.003
0.005 -0.082 -0.008 -0.000 0.007 0.082 -0.004
0.004 -0.082 -0.008 -0.000 0.009 0.082 -0.005
0.004 -0.082 -0.007 -0.000 0.012 0.082 -0.007
0.003 -0.082 -0.006 -0.000 0.014 0.081 -0.009
0.002 -0.082 -0.004 -0.000 0.015 0.081 -0.010
0.000 -0.082 -0.001 -0.000 0.016 0.081 -0.010
-0.001 -0.082 0.001 -0.000 0.017 0.081 -0.011
-0.002 -0.082 0.002 -0.000 0.019 0.081 -0.013
-0.003 -0.082 0.003 -0.000 0.021 0.081 -0.014
-0.004 -0.082 0.004 -0.000 0.022 0.081 -0.015
-0.004 -0.082 0.004 -0.000 0.023 0.080 -0.016
-0.006 -0.082 0.007 0.000 0.024 0.080 -0.017
-0.008 -0.082 0.010 0.000 0.026 0.080 -0.019
-0.009 -0.082 0.012 0.000 0.028 0.080 -0.020
-0.010 -0.081 0.013 0.000 0.029 0.079 -0.021
-0.011 -0.081 0.014 0.000 0.030 0.079 -0.022
-0.012 -0.081 0.016 -0.000 0.031 0.079 -0.023
-0.013 -0.081 0.018 -0.000 0.033 0.079 -0.025
-0.014 -0.081 0.020 -0.000 0.035 0.078 -0.026
-0.015 -0.081 0.021 -0.000 0.036 0.078 -0.027
-0.016 -0.080 0.022 -0.000 0.037 0.078 -0.028
-0.017 -0.080 0.024 -0.000 0.038 0.077 -0.029
-0.018 -0.080 0.026 -0.000 0.040 0.077 -0.031
-0.019 -0.080 0.028 -0.000 0.041 0.077 -0.032
-0.020 -0.080 0.029 -0.000 0.043 0.076 -0.033
-0.021 -0.079 0.031 -0.000 0.044 0.076 -0.034
-0.022 -0.079 0.032 -0.000 0.045 0.075 -0.035
-0.023 -0.079 0.034 -0.000 0.046 0.075 -0.037
-0.024 -0.079 0.036 -0.000 0.048 0.075 -0.038
-0.025 -0.078 0.037 -0.000 0.049 0.074 -0.039
-0.026 -0.078 0.039 -0.000 0.050 0.074 -0.040
-0.027 -0.077 0.040 0.000 0.051 0.073 -0.041
-0.028 -0.077 0.042 0.000 0.053 0.073 -0.042
-0.029 -0.077 0.044 0.000 0.054 0.072 -0.044
-0.030 -0.076 0.045 0.000 0.055 0.072 -0.045
-0.031 -0.076 0.047 0.000 0.056 0.071 -0.046
-0.032 -0.076 0.048 -0.000 0.057 0.071 -0.047
-0.033 -0.075 0.050 -0.000 0.058 0.070 -0.048
-0.034 -0.075 0.052 -0.000 0.060 0.070 -0.049
-0.035 -0.074 0.053 -0.000 0.061 0.069 -0.051
-0.035 -0.074 0.055 -0.000 0.062 0.069 -0.052
-0.036 -0.073 0.056 0.000 0.063 0.068 -0.053
-0.037 -0.073 0.058 0.000 0.064 0.068 -0.054
-0.038 -0.072 0.060 0.000 0.065 0.067 -0.055
-0.039 -0.072 0.061 0.000 0.066 0.067 -0.056
-0.040 -0.071 0.062 0.000 0.067 0.066 -0.057
-0.040 -0.071 0.064 -0.000 0.068 0.065 -0.058
-0.041 -0.070 0.066 -0.000 0.069 0.065 -0.060
-0.042 -0.070 0.067 -0.000 0.071 0.064 -0.061
-0.043 -0.069 0.069 -0.000 0.072 0.064 -0.062
-0.044 -0.069 0.070 -0.000 0.072 0.063 -0.063
-0.044 -0.068 0.071 0.000 0.073 0.062 -0.064
-0.045 -0.067 0.073 0.000 0.074 0.062 -0.065
-0.046 -0.067 0.075 0.000 0.075 0.061 -0.066
-0.047 -0.066 0.076 0.000 0.076 0.060 -0.067
-0.047 -0.066 0.077 0.000 0.077 0.060 -0.068
-0.048 -0.065 0.079 0.000 0.078 0.059 -0.069
-0.049 -0.064 0.080 0.000 0.079 0.058 -0.070
-0.050 -0.064 0.082 0.000 0.080 0.058 -0.071
-0.050 -0.063 0.083 0.000 0.081 0.057 -0.072
-0.051 -0.062 0.084 0.000 0.082 0.056 -0.073
-0.051 -0.061 0.086 -0.000 0.083 0.055 -0.074
-0.052 -0.061 0.087 -0.000 0.083 0.055 -0.075
-0.053 -0.060 0.089 -0.000 0.084 0.054 -0.077
-0.054 -0.059 0.090 -0.000 0.085 0.053 -0.077
-0.054 -0.059 0.091 -0.000 0.086 0.053 -0.078
-0.055 -0.058 0.092 -0.000 0.087 0.052 -0.079
-0.055 -0.057 0.094 -0.000 0.087 0.051 -0.080
-0.056 -0.056 0.095 -0.000 0.088 0.050 -0.081
-0.057 -0.056 0.096 -0.000 0.089 0.050 -0.082
-0.057 -0.055 0.097 -0.000 0.090 0.049 -0.083
-0.058 -0.054 0.098 0.000 0.090 0.048 -0.084
-0.058 -0.053 0.100 0.000 0.091 0.047 -0.085
-0.059 -0.052 0.101 0.000 0.092 0.047 -0.086
-0.059 -0.052 0.102 0.000 0.093 0.046 -0.087
-0.060 -0.051 0.103 0.000 0.093 0.045 -0.087
-0.060 -0.050 0.104 0.000 0.094 0.044 -0.088
-0.061 -0.049 0.105 -0.000 0.094 0.043 -0.089
-0.061 -0.048 0.107 -0.000 0.095 0.043 -0.090
-0.062 -0.047 0.108 -0.000 0.096 0.042 -0.091
-0.062 -0.046 0.109 -0.000 0.096 0.041 -0.092
-0.063 -0.045 0.110 -0.000 0.097 0.040 -0.092
-0.063 -0.045 0.111 -0.000 0.097 0.039 -0.093
-0.064 -0.044 0.112 -0.000 0.098 0.039 -0.094
-0.064 -0.043 0.113 -0.000 0.099 0.038 -0.095
-0.065 -0.042 0.114 -0.000 0.099 0.037 -0.095
-0.065 -0.041 0.115 -0.000 0.100 0.036 -0.096
-0.065 -0.040 0.116 0.000 0.100 0.035 -0.097
-0.066 -0.039 0.117 0.000 0.101 0.034 -0.097
-0.066 -0.038 0.117 0.000 0.101 0.033 -0.098
-0.066 -0.037 0.118 0.000 0.102 0.033 -0.099
-0.067 -0.036 0.119 0.000 0.102 0.032 -0.099
-0.067 -0.035 0.120 0.000 0.103 0.031 -0.100
-0.068 -0.034 0.121 0.000 0.103 0.030 -0.101
-0.068 -0.033 0.121 0.000 0.103 0.029 -0.101
-0.068 -0.032 0.122 0.000 0.104 0.028 -0.102
-0.068 -0.031 0.123 0.000 0.104 0.027 -0.102
-0.069 -0.030 0.124 0.000 0.105 0.026 -0.103
-0.069 -0.030 0.124 0.000 0.105 0.026 -0.103
-0.069 -0.029 0.125 0.000 0.105 0.025 -0.104
-0.070 -0.027 0.126 0.000 0.106 0.024 -0.104
-0.070 -0.026 0.126 0.000 0.106 0.023 -0.105
-0.070 -0.025 0.127 0.000 0.106 0.022 -0.105
-0.070 -0.025 0.127 0.000 0.107 0.021 -0.106
-0.071 -0.024 0.128 0.000 0.107 0.020 -0.106
-0.071 -0.022 0.128 0.000 0.107 0.019 -0.107
-0.071 -0.021 0.129 0.000 0.107 0.018 -0.107
-0.071 -0.020 0.129 -0.000 0.108 0.018 -0.107
-0.071 -0.019 0.130 -0.000 0.108 0.017 -0.108
-0.072 -0.018 0.130 -0.000 0.108 0.016 -0.108
-0.072 -0.017 0.131 -0.000 0.108 0.015 -0.108
-0.072 -0.016 0.131 -0.000 0.108 0.014 -0.109
-0.072 -0.015 0.131 0.000 0.109 0.013 -0.109
-0.072 -0.014 0.132 0.000 0.109 0.012 -0.109
-0.072 -0.013 0.132 0.000 0.109 0.012 -0.109
-0.072 -0.012 0.132 0.000 0.109 0.010 -0.110
-0.072 -0.011 0.133 0.000 0.109 0.009 -0.110
-0.073 -0.010 0.133 -0.000 0.109 0.008 -0.110
-0.073 -0.009 0.133 -0.000 0.110 0.008 -0.110
-0.073 -0.008 0.133 -0.000 0.110 0.007 -0.110
-0.073 -0.007 0.134 -0.000 0.110 0.006 -0.110
-0.073 -0.005 0.134 -0.000 0.110 0.004 -0.110
-0.073 -0.004 0.134 0.000 0.110 0.003 -0.111
-0.073 -0.003 0.134 0.000 0.110 0.003 -0.111
-0.073 -0.003 0.134 0.000 0.110 0.002 -0.111
-0.073 -0.002 0.134 0.000 0.110 0.002 -0.111
-0.073 -0.001 0.134 0.000 0.110 0.001 -0.111
-0.073 0.001 0.134 0.000 0.110 -0.001 -0.111
-0.073 0.002 0.134 0.000 0.110 -0.002 -0.111
-0.073 0.003 0.134 0.000 0.110 -0.003 -0.111
-0.073 0.004 0.134 0.000 0.110 -0.003 -0.111
-0.073 0.004 0.134 0.000 0.110 -0.004 -0.111
-0.073 0.005 0.134 -0.000 0.110 -0.004 -0.111
-0.073 0.007 0.134 -0.000 0.110 -0.006 -0.110
-0.073 0.008 0.133 -0.000 0.110 -0.007 -0.110
-0.073 0.009 0.133 -0.000 0.110 -0.008 -0.110
-0.072 0.010 0.133 -0.000 0.109 -0.009 -0.110
-0.072 0.011 0.133 0.000 0.109 -0.009 -0.110
-0.072 0.012 0.132 0.000 0.109 -0.011 -0.110
-0.072 0.014 0.132 0.000 0.109 -0.012 -0.109
-0.072 0.015 0.132 0.000 0.109 -0.013 -0.109
-0.072 0.015 0.131 0.000 0.109 -0.013 -0.109
-0.072 0.016 0.131 0.000 0.108 -0.014 -0.109
-0.071 0.017 0.131 0.000 0.108 -0.015 -0.108
-0.071 0.019 0.130 0.000 0.108 -0.016 -0.108
-0.071 0.020 0.130 0.000 0.108 -0.017 -0.108
-0.071 0.020 0.129 0.000 0.108 -0.018 -0.107
-0.071 0.021 0.129 0.000 0.107 -0.018 -0.107
-0.071 0.023 0.128 0.000 0.107 -0.020 -0.107
-0.070 0.024 0.128 0.000 0.107 -0.021 -0.106
-0.070 0.025 0.127 0.000 0.107 -0.021 -0.106
-0.070 0.026 0.127 0.000 0.106 -0.022 -0.105
-0.070 0.026 0.126 -0.000 0.106 -0.023 -0.105
-0.069 0.028 0.125 -0.000 0.106 -0.024 -0.104
-0.069 0.029 0.125 -0.000 0.105 -0.025 -0.104
-0.069 0.030 0.124 -0.000 0.105 -0.026 -0.104
-0.068 0.031 0.123 -0.000 0.104 -0.027 -0.103
-0.068 0.031 0.123 -0.000 0.104 -0.027 -0.102
-0.068 0.033 0.122 -0.000 0.104 -0.028 -0.102
-0.068 0.034 0.121 -0.000 0.103 -0.029 -0.101
-0.067 0.035 0.121 -0.000 0.103 -0.030 -0.101
-0.067 0.035 0.120 -0.000 0.102 -0.031 -0.100
-0.066 0.036 0.119 0.000 0.102 -0.032 -0.099
-0.066 0.037 0.118 0.000 0.102 -0.033 -0.099
-0.066 0.038 0.117 0.000 0.101 -0.034 -0.098
-0.065 0.039 0.116 0.000 0.101 -0.034 -0.098
-0.065 0.040 0.115 0.000 0.100 -0.035 -0.097
-0.064 0.041 0.114 -0.000 0.099 -0.036 -0.096
-0.064 0.042 0.114 -0.000 0.099 -0.037 -0.096
-0.064 0.043 0.113 -0.000 0.099 -0.038 -0.095
-0.063 0.044 0.112 -0.000 0.098 -0.039 -0.094
-0.063 0.045 0.111 -0.000 0.097 -0.039 -0.093
-0.062 0.045 0.109 0.000 0.097 -0.040 -0.092
-0.062 0.046 0.109 0.000 0.096 -0.041 -0.092
-0.061 0.047 0.108 0.000 0.096 -0.042 -0.091
-0.061 0.048 0.106 0.000 0.095 -0.043 -0.090
-0.060 0.049 0.105 0.000 0.094 -0.043 -0.089
-0.060 0.050 0.104 0.000 0.094 -0.044 -0.088
-0.059 0.051 0.103 0.000 0.093 -0.045 -0.088
-0.059 0.052 0.102 0.000 0.092 -0.046 -0.087
-0.058 0.052 0.101 0.000 0.092 -0.047 -0.086
-0.058 0.053 0.100 0.000 0.091 -0.047 -0.085
-0.057 0.054 0.098 0.000 0.090 -0.048 -0.084
-0.057 0.055 0.097 -0.000 0.090 -0.049 -0.083
-0.056 0.056 0.096 -0.000 0.089 -0.050 -0.082
-0.056 0.056 0.095 -0.000 0.088 -0.051 -0.082
-0.055 0.057 0.093 -0.000 0.087 -0.051 -0.081
-0.054 0.058 0.092 -0.000 0.086 -0.052 -0.079
-0.054 0.059 0.091 0.000 0.086 -0.053 -0.079
-0.053 0.059 0.090 0.000 0.085 -0.053 -0.078
-0.052 0.060 0.088 0.000 0.084 -0.054 -0.077
-0.052 0.061 0.087 0.000 0.083 -0.055 -0.076
-0.051 0.062 0.085 0.000 0.082 -0.056 -0.075
-0.050 0.062 0.084 0.000 0.082 -0.056 -0.074
-0.050 0.063 0.083 0.000 0.081 -0.057 -0.073
-0.049 0.064 0.082 0.000 0.080 -0.058 -0.072
-0.048 0.064 0.080 0.000 0.079 -0.058 -0.071
-0.048 0.065 0.078 0.000 0.078 -0.059 -0.069
-0.047 0.066 0.077 -0.000 0.077 -0.060 -0.068
-0.046 0.066 0.076 -0.000 0.076 -0.060 -0.067
-0.045 0.067 0.074 -0.000 0.075 -0.061 -0.066
-0.045 0.068 0.073 -0.000 0.074 -0.062 -0.065
-0.044 0.068 0.071 -0.000 0.073 -0.062 -0.064
-0.043 0.069 0.070 0.000 0.072 -0.063 -0.063
-0.042 0.069 0.068 0.000 0.071 -0.064 -0.062
-0.042 0.070 0.067 0.000 0.070 -0.064 -0.061
-0.041 0.070 0.065 0.000 0.069 -0.065 -0.060
-0.040 0.071 0.064 0.000 0.068 -0.065 -0.059
-0.039 0.071 0.062 -0.000 0.067 -0.066 -0.057
-0.038 0.072 0.061 -0.000 0.066 -0.067 -0.056
-0.038 0.073 0.059 -0.000 0.065 -0.067 -0.055
-0.037 0.073 0.058 -0.000 0.064 -0.068 -0.054
-0.036 0.073 0.056 -0.000 0.063 -0.068 -0.053
-0.035 0.074 0.054 -0.000 0.062 -0.069 -0.052
-0.034 0.074 0.053 -0.000 0.061 -0.069 -0.051
-0.033 0.075 0.052 -0.000 0.060 -0.070 -0.050
-0.032 0.075 0.050 -0.000 0.058 -0.070 -0.048
-0.031 0.076 0.048 -0.000 0.057 -0.071 -0.047
-0.030 0.076 0.047 -0.000 0.056 -0.071 -0.046
-0.030 0.076 0.045 -0.000 0.055 -0.072 -0.045
-0.029 0.077 0.044 -0.000 0.054 -0.072 -0.044
-0.028 0.077 0.042 -0.000 0.052 -0.073 -0.043
-0.027 0.078 0.040 -0.000 0.051 -0.073 -0.041
-0.026 0.078 0.038 0.000 0.050 -0.074 -0.040
-0.025 0.078 0.037 0.000 0.049 -0.074 -0.039
-0.024 0.079 0.036 0.000 0.048 -0.075 -0.038
-0.023 0.079 0.034 0.000 0.046 -0.075 -0.037
-0.022 0.079 0.032 0.000 0.045 -0.075 -0.035
-0.021 0.079 0.030 -0.000 0.043 -0.076 -0.034
-0.020 0.080 0.029 -0.000 0.042 -0.076 -0.033
-0.019 0.080 0.028 -0.000 0.041 -0.077 -0.032
-0.018 0.080 0.026 -0.000 0.040 -0.077 -0.031
-0.017 0.080 0.024 -0.000 0.038 -0.077 -0.029
-0.016 0.080 0.022 -0.000 0.037 -0.078 -0.028
-0.015 0.081 0.021 -0.000 0.036 -0.078 -0.027
-0.014 0.081 0.020 -0.000 0.034 -0.078 -0.026
-0.013 0.081 0.018 -0.000 0.033 -0.079 -0.025
-0.011 0.081 0.015 -0.000 0.031 -0.079 -0.023
-0.010 0.081 0.014 -0.000 0.030 -0.079 -0.022
-0.010 0.081 0.013 -0.000 0.029 -0.079 -0.021
-0.009 0.082 0.012 -0.000 0.028 -0.080 -0.020
-0.008 0.082 0.010 -0.000 0.026 -0.080 -0.019
-0.006 0.082 0.007 -0.000 0.024 -0.080 -0.017
-0.004 0.082 0.004 -0.000 0.023 -0.080 -0.016
-0.004 0.082 0.004 -0.000 0.022 -0.081 -0.015
-0.003 0.082 0.003 -0.000 0.021 -0.081 -0.014
-0.002 0.082 0.002 -0.000 0.019 -0.081 -0.013
-0.001 0.082 0.001 -0.000 0.017 -0.081 -0.011
0.000 0.082 -0.001 -0.000 0.015 -0.081 -0.010
0.002 0.082 -0.004 -0.000 0.015 -0.081 -0.010
0.003 0.082 -0.006 -0.000 0.013 -0.082 -0.009
0.004 0.082 -0.007 -0.000 0.012 -0.082 -0.007
0.004 0.082 -0.008 -0.000 0.009 -0.082 -0.005
0.005 0.082 -0.009 -0.000 0.007 -0.082 -0.003
0.007 0.082 -0.011 -0.000 0.007 -0.082 -0.003
0.009 0.082 -0.014 -0.000 0.006 -0.082 -0.002
0.010 0.081 -0.015 -0.000 0.004 -0.082 -0.002
0.011 0.081 -0.016 -0.000 0.002 -0.082 -0.001
0.011 0.081 -0.017 0.000 -0.000 -0.082 0.000
0.013 0.081 -0.019 0.000 -0.002 -0.082 0.002
0.014 0.081 -0.021 0.000 -0.003 -0.082 0.004
0.016 0.081 -0.023 0.000 -0.004 -0.082 0.005
0.017 0.080 -0.024 0.000 -0.004 -0.082 0.005
0.017 0.080 -0.025 -0.000 -0.005 -0.082 0.005
0.019 0.080 -0.027 -0.000 -0.008 -0.082 0.007
0.020 0.080 -0.028 -0.000 -0.011 -0.082 0.009
0.021 0.080 -0.030 -0.000 -0.012 -0.082 0.010
0.022 0.079 -0.031 -0.000 -0.013 -0.081 0.011
0.023 0.079 -0.032 0.000 -0.014 -0.081 0.011
0.025 0.079 -0.034 0.000 -0.016 -0.081 0.013
0.026 0.079 -0.036 0.000 -0.018 -0.081 0.014
0.027 0.078 -0.037 0.000 -0.020 -0.081 0.015
0.028 0.078 -0.038 0.000 -0.021 -0.081 0.016
0.029 0.078 -0.039 -0.000 -0.022 -0.080 0.017
0.031 0.077 -0.041 -0.000 -0.024 -0.080 0.018
0.032 0.077 -0.043 -0.000 -0.026 -0.080 0.019
0.033 0.077 -0.044 -0.000 -0.027 -0.080 0.020
0.034 0.076 -0.045 -0.000 -0.029 -0.080 0.021
0.035 0.076 -0.046 -0.000 -0.030 -0.079 0.022
0.037 0.075 -0.048 -0.000 -0.032 -0.079 0.023
0.038 0.075 -0.049 -0.000 -0.033 -0.079 0.024
0.039 0.075 -0.051 -0.000 -0.035 -0.079 0.025
0.040 0.074 -0.052 -0.000 -0.036 -0.078 0.026
0.041 0.074 -0.053 -0.000 -0.038 -0.078 0.027
0.042 0.073 -0.055 -0.000 -0.039 -0.077 0.028
0.044 0.073 -0.056 -0.000 -0.041 -0.077 0.029
0.045 0.072 -0.057 -0.000 -0.043 -0.077 0.030
0.046 0.072 -0.058 -0.000 -0.044 -0.076 0.031
0.047 0.071 -0.059 -0.000 -0.045 -0.076 0.031
0.048 0.071 -0.061 0.000 -0.047 -0.076 0.033
0.049 0.070 -0.062 0.000 -0.049 -0.075 0.033
0.051 0.070 -0.063 0.000 -0.050 -0.075 0.034
0.052 0.069 -0.064 0.000 -0.052 -0.074 0.035
0.053 0.069 -0.065 0.000 -0.053 -0.074 0.036
0.054 0.068 -0.067 0.000 -0.054 -0.073 0.037
0.055 0.068 -0.068 0.000 -0.056 -0.073 0.038
0.056 0.067 -0.069 0.000 -0.058 -0.072 0.039
0.057 0.066 -0.070 0.000 -0.059 -0.072 0.039
0.058 0.066 -0.071 0.000 -0.060 -0.071 0.040
0.059 0.065 -0.072 0.000 -0.062 -0.071 0.041
0.061 0.065 -0.074 0.000 -0.063 -0.070 0.042
0.062 0.064 -0.075 0.000 -0.065 -0.070 0.043
0.063 0.063 -0.076 0.000 -0.066 -0.069 0.043
0.064 0.063 -0.077 0.000 -0.067 -0.068 0.044
0.065 0.062 -0.078 -0.000 -0.069 -0.068 0.045
0.066 0.062 -0.079 -0.000 -0.070 -0.067 0.046
0.067 0.061 -0.080 -0.000 -0.072 -0.067 0.046
0.068 0.060 -0.081 -0.000 -0.073 -0.066 0.047
0.069 0.060 -0.082 -0.000 -0.074 -0.065 0.048
0.070 0.059 -0.083 0.000 -0.076 -0.065 0.049
0.071 0.058 -0.084 0.000 -0.077 -0.064 0.049
0.072 0.058 -0.085 0.000 -0.079 -0.064 0.050
0.073 0.057 -0.085 0.000 -0.080 -0.063 0.051
0.074 0.056 -0.086 0.000 -0.081 -0.062 0.051
0.075 0.055 -0.087 -0.000 -0.082 -0.061 0.052
0.076 0.055 -0.088 -0.000 -0.084 -0.061 0.053
0.077 0.054 -0.089 -0.000 -0.085 -0.060 0.053
0.078 0.053 -0.090 -0.000 -0.086 -0.059 0.054
0.079 0.052 -0.091 -0.000 -0.087 -0.058 0.054
0.080 0.052 -0.091 -0.000 -0.089 -0.058 0.055
0.081 0.051 -0.092 -0.000 -0.090 -0.057 0.056
0.082 0.050 -0.093 -0.000 -0.091 -0.056 0.056
0.083 0.049 -0.094 -0.000 -0.092 -0.055 0.057
0.083 0.049 -0.095 -0.000 -0.093 -0.054 0.057
0.084 0.048 -0.095 0.000 -0.094 -0.054 0.058
0.085 0.047 -0.096 0.000 -0.096 -0.053 0.058
0.086 0.046 -0.097 0.000 -0.097 -0.052 0.059
0.087 0.046 -0.098 0.000 -0.098 -0.051 0.060
0.088 0.045 -0.098 0.000 -0.099 -0.050 0.060
0.089 0.044 -0.099 0.000 -0.100 -0.050 0.060
0.089 0.043 -0.100 0.000 -0.101 -0.049 0.061
0.090 0.042 -0.100 0.000 -0.102 -0.048 0.062
0.091 0.042 -0.101 0.000 -0.103 -0.047 0.062
0.092 0.041 -0.101 0.000 -0.104 -0.046 0.062
0.092 0.040 -0.102 -0.000 -0.105 -0.045 0.063
0.093 0.039 -0.103 -0.000 -0.106 -0.044 0.063
0.094 0.038 -0.103 -0.000 -0.107 -0.043 0.064
0.095 0.037 -0.104 -0.000 -0.108 -0.043 0.064
0.095 0.036 -0.104 -0.000 -0.109 -0.042 0.065
0.096 0.036 -0.105 0.000 -0.110 -0.041 0.065
0.097 0.035 -0.106 0.000 -0.111 -0.040 0.065
0.097 0.034 -0.106 0.000 -0.111 -0.039 0.066
0.098 0.033 -0.107 0.000 -0.112 -0.038 0.066
0.099 0.032 -0.107 0.000 -0.113 -0.037 0.066
0.099 0.031 -0.107 0.000 -0.114 -0.036 0.067
0.100 0.031 -0.108 0.000 -0.115 -0.035 0.067
0.100 0.030 -0.108 0.000 -0.115 -0.034 0.067
0.101 0.029 -0.109 0.000 -0.116 -0.033 0.068
0.101 0.028 -0.109 0.000 -0.117 -0.032 0.068
0.102 0.027 -0.110 -0.000 -0.117 -0.031 0.068
0.103 0.026 -0.110 -0.000 -0.118 -0.030 0.069
0.103 0.025 -0.110 -0.000 -0.119 -0.029 0.069
0.104 0.024 -0.111 -0.000 -0.119 -0.028 0.069
0.104 0.023 -0.111 -0.000 -0.120 -0.027 0.069
0.104 0.022 -0.111 0.000 -0.120 -0.026 0.070
0.105 0.022 -0.112 0.000 -0.121 -0.025 0.070
0.105 0.021 -0.112 0.000 -0.122 -0.024 0.070
0.106 0.020 -0.112 0.000 -0.122 -0.023 0.070
0.106 0.019 -0.113 0.000 -0.123 -0.022 0.071
0.106 0.018 -0.113 0.000 -0.123 -0.021 0.071
0.107 0.017 -0.113 0.000 -0.124 -0.020 0.071
0.107 0.016 -0.114 0.000 -0.124 -0.019 0.071
0.107 0.016 -0.114 0.000 -0.124 -0.018 0.071
0.108 0.014 -0.114 0.000 -0.125 -0.017 0.071
0.108 0.013 -0.114 0.000 -0.125 -0.015 0.072
0.108 0.013 -0.114 0.000 -0.125 -0.015 0.072
0.109 0.012 -0.115 0.000 -0.126 -0.014 0.072
0.109 0.011 -0.115 0.000 -0.126 -0.013 0.072
0.109 0.010 -0.115 0.000 -0.126 -0.011 0.072
0.111 0.009 -0.117 0.000 -0.129 -0.010 0.074
0.141 0.009 -0.148 0.000 -0.163 -0.011 0.093
0.144 0.009 -0.152 0.000 -0.167 -0.010 0.095
0.122 0.007 -0.128 0.000 -0.142 -0.008 0.081
0.074 0.004 -0.078 0.000 -0.086 -0.005 0.049
0.000 0.000 0.000 0.000 0.000 0.000 0.000
0.000 0.000 0.000 0.000 0.000 0.000 0.000
