0.000 -0.000 0.703 -0.000 1.216 0.000 0.513 0.000
0.010 -0.000 0.703 -0.000 1.216 0.000 0.513 0.000
0.030 0.001 0.703 -0.001 1.216 -0.001 0.513 0.000
0.050 0.003 0.703 -0.003 1.216 -0.003 0.513 0.001
0.070 0.007 0.703 -0.005 1.216 -0.007 0.513 0.003
0.090 0.010 0.702 -0.008 1.216 -0.010 0.513 0.004
0.110 0.013 0.702 -0.010 1.216 -0.013 0.513 0.006
0.130 0.016 0.702 -0.012 1.216 -0.016 0.514 0.007
0.150 0.019 0.702 -0.014 1.216 -0.018 0.514 0.008
0.170 0.021 0.702 -0.016 1.216 -0.021 0.514 0.009
0.190 0.024 0.702 -0.018 1.216 -0.023 0.514 0.010
0.210 0.026 0.702 -0.020 1.216 -0.026 0.514 0.011
0.230 0.029 0.702 -0.022 1.216 -0.029 0.514 0.012
0.250 0.032 0.702 -0.024 1.216 -0.031 0.514 0.014
0.270 0.034 0.702 -0.026 1.216 -0.034 0.515 0.015
0.290 0.037 0.701 -0.028 1.216 -0.036 0.515 0.016
0.310 0.040 0.701 -0.030 1.216 -0.039 0.515 0.017
0.330 0.042 0.701 -0.032 1.216 -0.041 0.515 0.018
0.350 0.045 0.701 -0.034 1.216 -0.044 0.516 0.019
0.370 0.047 0.701 -0.036 1.216 -0.046 0.516 0.020
0.390 0.050 0.700 -0.038 1.216 -0.049 0.516 0.021
0.410 0.052 0.700 -0.040 1.216 -0.052 0.517 0.023
0.430 0.055 0.700 -0.041 1.216 -0.054 0.517 0.024
0.450 0.058 0.700 -0.043 1.216 -0.057 0.517 0.025
0.470 0.060 0.699 -0.045 1.216 -0.059 0.518 0.026
0.490 0.063 0.699 -0.047 1.216 -0.061 0.518 0.027
0.510 0.065 0.699 -0.049 1.216 -0.064 0.519 0.028
0.530 0.068 0.698 -0.051 1.216 -0.066 0.519 0.029
0.550 0.070 0.698 -0.053 1.216 -0.069 0.520 0.030
0.570 0.073 0.698 -0.055 1.216 -0.071 0.520 0.031
0.590 0.075 0.697 -0.057 1.216 -0.074 0.521 0.033
0.610 0.078 0.697 -0.059 1.216 -0.076 0.521 0.034
0.630 0.080 0.696 -0.061 1.216 -0.078 0.522 0.035
0.650 0.083 0.696 -0.063 1.216 -0.081 0.522 0.036
0.670 0.085 0.696 -0.065 1.216 -0.083 0.523 0.037
0.690 0.087 0.695 -0.067 1.216 -0.086 0.523 0.038
0.710 0.090 0.695 -0.069 1.216 -0.088 0.524 0.039
0.730 0.092 0.694 -0.071 1.216 -0.090 0.524 0.040
0.750 0.095 0.694 -0.072 1.216 -0.092 0.525 0.041
0.770 0.097 0.693 -0.074 1.216 -0.095 0.526 0.042
0.790 0.099 0.693 -0.076 1.216 -0.097 0.526 0.043
0.810 0.102 0.692 -0.078 1.216 -0.099 0.527 0.044
0.830 0.104 0.692 -0.080 1.216 -0.101 0.528 0.045
0.850 0.106 0.691 -0.082 1.216 -0.104 0.528 0.046
0.870 0.109 0.691 -0.084 1.216 -0.106 0.529 0.048
0.890 0.111 0.690 -0.086 1.216 -0.108 0.530 0.049
0.910 0.113 0.690 -0.088 1.216 -0.110 0.531 0.050
0.930 0.115 0.689 -0.089 1.216 -0.112 0.531 0.051
0.950 0.118 0.688 -0.091 1.216 -0.114 0.532 0.052
0.970 0.120 0.688 -0.093 1.216 -0.116 0.533 0.053
0.990 0.122 0.687 -0.095 1.216 -0.118 0.534 0.054
1.010 0.124 0.687 -0.097 1.216 -0.120 0.535 0.055
1.030 0.126 0.686 -0.099 1.216 -0.122 0.536 0.056
1.050 0.128 0.685 -0.100 1.216 -0.124 0.536 0.057
1.070 0.130 0.685 -0.102 1.216 -0.126 0.537 0.058
1.090 0.132 0.684 -0.104 1.216 -0.128 0.538 0.059
1.110 0.135 0.683 -0.106 1.216 -0.130 0.539 0.060
1.130 0.137 0.683 -0.108 1.216 -0.132 0.540 0.061
1.150 0.139 0.682 -0.109 1.216 -0.134 0.541 0.062
1.170 0.141 0.681 -0.111 1.216 -0.136 0.542 0.063
1.190 0.143 0.680 -0.113 1.216 -0.138 0.543 0.063
1.210 0.145 0.680 -0.115 1.216 -0.139 0.544 0.064
1.230 0.146 0.679 -0.116 1.216 -0.141 0.545 0.065
1.250 0.148 0.678 -0.118 1.216 -0.143 0.546 0.066
1.270 0.150 0.677 -0.120 1.216 -0.145 0.547 0.067
1.290 0.152 0.676 -0.122 1.216 -0.146 0.548 0.068
1.310 0.154 0.676 -0.123 1.216 -0.148 0.549 0.069
1.330 0.156 0.675 -0.125 1.216 -0.150 0.550 0.070
1.350 0.158 0.674 -0.127 1.216 -0.151 0.551 0.071
1.370 0.159 0.673 -0.128 1.216 -0.153 0.552 0.072
1.390 0.161 0.672 -0.130 1.216 -0.154 0.553 0.073
1.410 0.163 0.671 -0.132 1.216 -0.156 0.554 0.073
1.430 0.165 0.670 -0.133 1.216 -0.157 0.555 0.074
1.450 0.166 0.669 -0.135 1.216 -0.159 0.556 0.075
1.470 0.168 0.668 -0.137 1.216 -0.160 0.558 0.076
1.490 0.170 0.668 -0.138 1.216 -0.162 0.559 0.077
1.510 0.171 0.667 -0.140 1.216 -0.163 0.560 0.078
1.530 0.173 0.666 -0.141 1.216 -0.164 0.561 0.078
1.550 0.174 0.665 -0.143 1.216 -0.166 0.562 0.079
1.570 0.176 0.664 -0.145 1.216 -0.167 0.564 0.080
1.590 0.177 0.663 -0.146 1.216 -0.168 0.565 0.081
1.610 0.179 0.662 -0.148 1.216 -0.169 0.566 0.081
1.630 0.180 0.661 -0.149 1.216 -0.171 0.567 0.082
1.650 0.182 0.660 -0.151 1.216 -0.172 0.568 0.083
1.670 0.183 0.659 -0.152 1.216 -0.173 0.570 0.084
1.690 0.184 0.658 -0.154 1.216 -0.174 0.571 0.084
1.710 0.186 0.656 -0.155 1.216 -0.175 0.572 0.085
1.730 0.187 0.655 -0.156 1.216 -0.176 0.573 0.086
1.750 0.188 0.654 -0.158 1.216 -0.177 0.575 0.086
1.770 0.190 0.653 -0.159 1.216 -0.178 0.576 0.087
1.790 0.191 0.652 -0.161 1.216 -0.179 0.577 0.088
1.810 0.192 0.651 -0.162 1.216 -0.180 0.579 0.088
1.830 0.193 0.650 -0.163 1.216 -0.181 0.580 0.089
1.850 0.195 0.649 -0.165 1.216 -0.181 0.581 0.089
1.870 0.196 0.648 -0.166 1.216 -0.182 0.583 0.090
1.890 0.197 0.646 -0.167 1.216 -0.183 0.584 0.090
1.910 0.198 0.645 -0.169 1.216 -0.184 0.585 0.091
1.930 0.199 0.644 -0.170 1.216 -0.184 0.587 0.092
1.950 0.200 0.643 -0.171 1.216 -0.185 0.588 0.092
1.970 0.201 0.642 -0.172 1.216 -0.186 0.589 0.093
1.990 0.202 0.640 -0.174 1.216 -0.186 0.591 0.093
2.010 0.203 0.639 -0.175 1.216 -0.187 0.592 0.093
2.030 0.204 0.638 -0.176 1.216 -0.187 0.593 0.094
2.050 0.205 0.637 -0.177 1.216 -0.188 0.595 0.094
2.070 0.206 0.636 -0.178 1.216 -0.188 0.596 0.095
2.090 0.207 0.634 -0.179 1.216 -0.189 0.598 0.095
2.110 0.207 0.633 -0.180 1.216 -0.189 0.599 0.095
2.130 0.208 0.632 -0.181 1.216 -0.190 0.600 0.096
2.150 0.209 0.630 -0.182 1.216 -0.190 0.602 0.096
2.170 0.210 0.629 -0.183 1.216 -0.190 0.603 0.096
2.190 0.210 0.628 -0.184 1.216 -0.191 0.605 0.097
2.210 0.211 0.627 -0.185 1.216 -0.191 0.606 0.097
2.230 0.212 0.625 -0.186 1.216 -0.191 0.607 0.097
2.250 0.212 0.624 -0.187 1.216 -0.191 0.609 0.098
2.270 0.213 0.623 -0.188 1.216 -0.191 0.610 0.098
2.290 0.214 0.621 -0.189 1.216 -0.191 0.612 0.098
2.310 0.214 0.620 -0.190 1.216 -0.192 0.613 0.098
2.330 0.215 0.619 -0.190 1.216 -0.192 0.614 0.098
2.350 0.215 0.617 -0.191 1.216 -0.192 0.616 0.098
2.370 0.216 0.616 -0.192 1.216 -0.192 0.617 0.099
2.390 0.216 0.615 -0.193 1.216 -0.192 0.619 0.099
2.410 0.217 0.613 -0.193 1.216 -0.191 0.620 0.099
2.430 0.217 0.612 -0.194 1.216 -0.191 0.622 0.099
2.450 0.217 0.610 -0.195 1.216 -0.191 0.623 0.099
2.470 0.218 0.609 -0.195 1.216 -0.191 0.624 0.099
2.490 0.218 0.608 -0.196 1.216 -0.191 0.626 0.099
2.510 0.218 0.606 -0.196 1.216 -0.191 0.627 0.099
2.530 0.219 0.605 -0.197 1.216 -0.190 0.629 0.099
2.550 0.219 0.603 -0.197 1.216 -0.190 0.630 0.099
2.570 0.219 0.602 -0.198 1.216 -0.190 0.632 0.098
2.590 0.219 0.601 -0.198 1.216 -0.189 0.633 0.098
2.610 0.220 0.599 -0.199 1.216 -0.189 0.634 0.098
2.630 0.220 0.598 -0.199 1.216 -0.189 0.636 0.098
2.650 0.220 0.596 -0.200 1.216 -0.188 0.637 0.098
2.670 0.220 0.595 -0.200 1.216 -0.188 0.639 0.098
2.690 0.220 0.594 -0.200 1.216 -0.187 0.640 0.097
2.710 0.220 0.592 -0.200 1.216 -0.187 0.641 0.097
2.730 0.220 0.591 -0.201 1.216 -0.186 0.643 0.097
2.750 0.220 0.589 -0.201 1.216 -0.186 0.644 0.096
2.770 0.220 0.588 -0.201 1.216 -0.185 0.645 0.096
2.790 0.220 0.587 -0.201 1.216 -0.185 0.647 0.096
2.810 0.220 0.585 -0.201 1.216 -0.184 0.648 0.095
2.830 0.220 0.584 -0.201 1.216 -0.183 0.650 0.095
2.850 0.220 0.582 -0.201 1.216 -0.182 0.651 0.094
2.870 0.220 0.581 -0.201 1.216 -0.182 0.652 0.094
2.890 0.220 0.579 -0.201 1.216 -0.181 0.654 0.094
2.910 0.220 0.578 -0.201 1.216 -0.180 0.655 0.093
2.930 0.220 0.577 -0.201 1.216 -0.179 0.656 0.092
2.950 0.219 0.575 -0.201 1.216 -0.179 0.658 0.092
2.970 0.219 0.574 -0.201 1.216 -0.178 0.659 0.091
2.990 0.219 0.572 -0.201 1.216 -0.177 0.660 0.091
3.010 0.219 0.571 -0.200 1.216 -0.176 0.662 0.090
3.030 0.218 0.570 -0.200 1.216 -0.175 0.663 0.089
3.050 0.218 0.568 -0.200 1.216 -0.174 0.664 0.089
3.070 0.218 0.567 -0.200 1.216 -0.173 0.665 0.088
3.090 0.217 0.565 -0.199 1.216 -0.172 0.667 0.087
3.110 0.217 0.564 -0.199 1.216 -0.171 0.668 0.086
3.130 0.217 0.563 -0.198 1.216 -0.170 0.669 0.086
3.150 0.216 0.561 -0.198 1.216 -0.169 0.670 0.085
3.170 0.216 0.560 -0.197 1.216 -0.168 0.672 0.084
3.190 0.215 0.558 -0.197 1.216 -0.167 0.673 0.083
3.210 0.215 0.557 -0.196 1.216 -0.166 0.674 0.082
3.230 0.215 0.556 -0.196 1.216 -0.165 0.675 0.081
3.250 0.214 0.554 -0.195 1.216 -0.164 0.677 0.080
3.270 0.214 0.553 -0.194 1.216 -0.162 0.678 0.079
3.290 0.213 0.552 -0.194 1.216 -0.161 0.679 0.078
3.310 0.213 0.550 -0.193 1.216 -0.160 0.680 0.077
3.330 0.212 0.549 -0.192 1.216 -0.159 0.681 0.076
3.350 0.211 0.548 -0.191 1.216 -0.158 0.682 0.075
3.370 0.211 0.546 -0.190 1.216 -0.156 0.684 0.074
3.390 0.210 0.545 -0.189 1.216 -0.155 0.685 0.073
3.410 0.210 0.544 -0.189 1.216 -0.154 0.686 0.072
3.430 0.209 0.542 -0.188 1.216 -0.152 0.687 0.070
3.450 0.208 0.541 -0.187 1.216 -0.151 0.688 0.069
3.470 0.208 0.540 -0.186 1.216 -0.150 0.689 0.068
3.490 0.207 0.539 -0.185 1.216 -0.148 0.690 0.067
3.510 0.206 0.537 -0.183 1.216 -0.147 0.691 0.065
3.530 0.206 0.536 -0.182 1.216 -0.146 0.692 0.064
3.550 0.205 0.535 -0.181 1.216 -0.144 0.693 0.063
3.570 0.204 0.534 -0.180 1.216 -0.143 0.694 0.061
3.590 0.203 0.532 -0.179 1.216 -0.141 0.695 0.060
3.610 0.203 0.531 -0.178 1.216 -0.140 0.696 0.058
3.630 0.202 0.530 -0.176 1.216 -0.138 0.697 0.057
3.650 0.201 0.529 -0.175 1.216 -0.137 0.698 0.055
3.670 0.200 0.527 -0.174 1.216 -0.135 0.699 0.054
3.690 0.200 0.526 -0.172 1.216 -0.134 0.700 0.052
3.710 0.199 0.525 -0.171 1.216 -0.132 0.701 0.051
3.730 0.198 0.524 -0.169 1.216 -0.131 0.702 0.049
3.750 0.197 0.523 -0.168 1.216 -0.129 0.703 0.048
3.770 0.196 0.522 -0.166 1.216 -0.128 0.704 0.046
3.790 0.195 0.521 -0.165 1.216 -0.126 0.705 0.044
3.810 0.195 0.520 -0.163 1.216 -0.125 0.706 0.043
3.830 0.194 0.518 -0.162 1.216 -0.123 0.707 0.041
3.850 0.193 0.517 -0.160 1.216 -0.121 0.708 0.039
3.870 0.192 0.516 -0.158 1.216 -0.120 0.708 0.037
3.890 0.191 0.515 -0.157 1.216 -0.118 0.709 0.036
3.910 0.190 0.514 -0.155 1.216 -0.117 0.710 0.034
3.930 0.189 0.513 -0.153 1.216 -0.115 0.711 0.032
3.950 0.188 0.512 -0.151 1.216 -0.113 0.712 0.030
3.970 0.187 0.511 -0.150 1.216 -0.112 0.713 0.028
3.990 0.186 0.510 -0.148 1.216 -0.110 0.713 0.026
4.010 0.185 0.509 -0.146 1.216 -0.108 0.714 0.024
4.030 0.184 0.508 -0.144 1.216 -0.107 0.715 0.022
4.050 0.183 0.507 -0.142 1.216 -0.105 0.716 0.020
4.070 0.182 0.506 -0.140 1.216 -0.103 0.716 0.018
4.090 0.181 0.505 -0.138 1.216 -0.102 0.717 0.016
4.110 0.180 0.504 -0.136 1.216 -0.100 0.718 0.014
4.130 0.179 0.504 -0.134 1.216 -0.098 0.718 0.012
4.150 0.178 0.503 -0.132 1.216 -0.096 0.719 0.010
4.170 0.177 0.502 -0.130 1.216 -0.095 0.720 0.008
4.190 0.176 0.501 -0.128 1.216 -0.093 0.720 0.006
4.210 0.175 0.500 -0.126 1.216 -0.091 0.721 0.004
4.230 0.174 0.499 -0.124 1.216 -0.089 0.722 0.002
4.250 0.173 0.499 -0.121 1.216 -0.088 0.722 -0.001
4.270 0.172 0.498 -0.119 1.216 -0.086 0.723 -0.003
4.290 0.171 0.497 -0.117 1.216 -0.084 0.723 -0.005
4.310 0.170 0.496 -0.115 1.216 -0.082 0.724 -0.007
4.330 0.169 0.496 -0.113 1.216 -0.081 0.725 -0.010
4.350 0.168 0.495 -0.110 1.216 -0.079 0.725 -0.012
4.370 0.167 0.494 -0.108 1.216 -0.077 0.726 -0.014
4.390 0.166 0.493 -0.106 1.216 -0.075 0.726 -0.016
4.410 0.165 0.493 -0.103 1.216 -0.073 0.727 -0.019
4.430 0.164 0.492 -0.101 1.216 -0.072 0.727 -0.021
4.450 0.163 0.491 -0.099 1.216 -0.070 0.728 -0.024
4.470 0.162 0.491 -0.096 1.216 -0.068 0.728 -0.026
4.490 0.161 0.490 -0.094 1.216 -0.066 0.729 -0.028
4.510 0.159 0.490 -0.091 1.216 -0.064 0.729 -0.031
4.530 0.158 0.489 -0.089 1.216 -0.063 0.729 -0.033
4.550 0.157 0.488 -0.086 1.216 -0.061 0.730 -0.036
4.570 0.156 0.488 -0.084 1.216 -0.059 0.730 -0.038
4.590 0.155 0.487 -0.081 1.216 -0.057 0.731 -0.041
4.610 0.154 0.487 -0.079 1.216 -0.055 0.731 -0.043
4.630 0.153 0.486 -0.076 1.216 -0.053 0.731 -0.045
4.650 0.152 0.486 -0.074 1.216 -0.052 0.732 -0.048
4.670 0.151 0.485 -0.071 1.216 -0.050 0.732 -0.051
4.690 0.150 0.485 -0.069 1.216 -0.048 0.732 -0.053
4.710 0.148 0.485 -0.066 1.216 -0.046 0.733 -0.056
4.730 0.147 0.484 -0.064 1.216 -0.044 0.733 -0.058
4.750 0.146 0.484 -0.061 1.216 -0.042 0.733 -0.061
4.770 0.145 0.483 -0.058 1.216 -0.040 0.734 -0.063
4.790 0.144 0.483 -0.056 1.216 -0.039 0.734 -0.066
4.810 0.143 0.483 -0.053 1.216 -0.037 0.734 -0.068
4.830 0.142 0.482 -0.050 1.216 -0.035 0.734 -0.071
4.850 0.141 0.482 -0.048 1.216 -0.033 0.735 -0.074
4.870 0.139 0.482 -0.045 1.216 -0.031 0.735 -0.076
4.890 0.138 0.481 -0.042 1.216 -0.029 0.735 -0.079
4.910 0.137 0.481 -0.040 1.216 -0.027 0.735 -0.082
4.930 0.136 0.481 -0.037 1.216 -0.026 0.735 -0.084
4.950 0.135 0.481 -0.034 1.216 -0.024 0.736 -0.087
4.970 0.134 0.480 -0.032 1.216 -0.022 0.736 -0.090
4.990 0.133 0.480 -0.029 1.216 -0.020 0.736 -0.092
5.010 0.131 0.480 -0.026 1.216 -0.018 0.736 -0.095
5.030 0.130 0.480 -0.024 1.216 -0.016 0.736 -0.098
5.050 0.129 0.480 -0.021 1.216 -0.014 0.736 -0.100
5.070 0.128 0.480 -0.018 1.216 -0.012 0.736 -0.103
5.090 0.127 0.480 -0.015 1.216 -0.011 0.736 -0.106
5.110 0.126 0.479 -0.013 1.216 -0.009 0.736 -0.108
5.130 0.125 0.479 -0.010 1.216 -0.007 0.736 -0.111
5.150 0.124 0.479 -0.007 1.216 -0.005 0.736 -0.114
5.170 0.122 0.479 -0.004 1.216 -0.003 0.736 -0.116
5.190 0.121 0.479 -0.002 1.216 -0.001 0.736 -0.119
5.210 0.120 0.479 0.001 1.216 0.001 0.736 -0.122
5.230 0.119 0.479 0.004 1.216 0.003 0.736 -0.124
5.250 0.118 0.479 0.007 1.216 0.005 0.736 -0.127
5.270 0.117 0.479 0.009 1.216 0.006 0.736 -0.130
5.290 0.116 0.479 0.012 1.216 0.008 0.736 -0.132
5.310 0.114 0.480 0.015 1.216 0.010 0.736 -0.135
5.330 0.113 0.480 0.018 1.216 0.012 0.736 -0.138
5.350 0.112 0.480 0.020 1.216 0.014 0.736 -0.140
5.370 0.111 0.480 0.023 1.216 0.016 0.736 -0.143
5.390 0.110 0.480 0.026 1.216 0.018 0.736 -0.146
5.410 0.109 0.480 0.028 1.216 0.020 0.736 -0.149
5.430 0.108 0.480 0.031 1.216 0.021 0.736 -0.151
5.450 0.107 0.481 0.034 1.216 0.023 0.736 -0.154
5.470 0.105 0.481 0.037 1.216 0.025 0.735 -0.157
5.490 0.104 0.481 0.039 1.216 0.027 0.735 -0.159
5.510 0.103 0.481 0.042 1.216 0.029 0.735 -0.162
5.530 0.102 0.482 0.045 1.216 0.031 0.735 -0.164
5.550 0.101 0.482 0.047 1.216 0.033 0.735 -0.167
5.570 0.100 0.482 0.050 1.216 0.035 0.734 -0.170
5.590 0.099 0.483 0.053 1.216 0.036 0.734 -0.172
5.610 0.098 0.483 0.055 1.216 0.038 0.734 -0.175
5.630 0.097 0.483 0.058 1.216 0.040 0.734 -0.177
5.650 0.095 0.484 0.060 1.216 0.042 0.733 -0.180
5.670 0.094 0.484 0.063 1.216 0.044 0.733 -0.183
5.690 0.093 0.484 0.066 1.216 0.046 0.733 -0.185
5.710 0.092 0.485 0.068 1.216 0.048 0.732 -0.188
5.730 0.091 0.485 0.071 1.216 0.049 0.732 -0.190
5.750 0.090 0.486 0.073 1.216 0.051 0.732 -0.193
5.770 0.089 0.486 0.076 1.216 0.053 0.731 -0.195
5.790 0.088 0.487 0.078 1.216 0.055 0.731 -0.198
5.810 0.087 0.487 0.081 1.216 0.057 0.731 -0.200
5.830 0.086 0.488 0.083 1.216 0.059 0.730 -0.203
5.850 0.084 0.488 0.086 1.216 0.060 0.730 -0.205
5.870 0.083 0.489 0.088 1.216 0.062 0.730 -0.208
5.890 0.082 0.489 0.091 1.216 0.064 0.729 -0.210
5.910 0.081 0.490 0.093 1.216 0.066 0.729 -0.213
5.930 0.080 0.491 0.096 1.216 0.068 0.728 -0.215
5.950 0.079 0.491 0.098 1.216 0.069 0.728 -0.217
5.970 0.078 0.492 0.100 1.216 0.071 0.727 -0.220
5.990 0.077 0.493 0.103 1.216 0.073 0.727 -0.222
6.010 0.076 0.493 0.105 1.216 0.075 0.726 -0.225
6.030 0.075 0.494 0.107 1.216 0.077 0.726 -0.227
6.050 0.074 0.495 0.110 1.216 0.078 0.725 -0.229
6.070 0.073 0.495 0.112 1.216 0.080 0.725 -0.232
6.090 0.072 0.496 0.114 1.216 0.082 0.724 -0.234
6.110 0.071 0.497 0.117 1.216 0.084 0.724 -0.236
6.130 0.070 0.498 0.119 1.216 0.086 0.723 -0.238
6.150 0.069 0.498 0.121 1.216 0.087 0.722 -0.241
6.170 0.068 0.499 0.123 1.216 0.089 0.722 -0.243
6.190 0.067 0.500 0.125 1.216 0.091 0.721 -0.245
6.210 0.066 0.501 0.127 1.216 0.093 0.721 -0.247
6.230 0.065 0.502 0.129 1.216 0.094 0.720 -0.249
6.250 0.064 0.503 0.132 1.216 0.096 0.719 -0.251
6.270 0.063 0.503 0.134 1.216 0.098 0.719 -0.253
6.290 0.062 0.504 0.136 1.216 0.099 0.718 -0.256
6.310 0.061 0.505 0.138 1.216 0.101 0.717 -0.258
6.330 0.060 0.506 0.140 1.216 0.103 0.716 -0.260
6.350 0.059 0.507 0.142 1.216 0.105 0.716 -0.262
6.370 0.058 0.508 0.143 1.216 0.106 0.715 -0.264
6.390 0.057 0.509 0.145 1.216 0.108 0.714 -0.266
6.410 0.056 0.510 0.147 1.216 0.110 0.714 -0.268
6.430 0.055 0.511 0.149 1.216 0.111 0.713 -0.270
6.450 0.054 0.512 0.151 1.216 0.113 0.712 -0.271
6.470 0.053 0.513 0.153 1.216 0.115 0.711 -0.273
6.490 0.052 0.514 0.154 1.216 0.116 0.710 -0.275
6.510 0.051 0.515 0.156 1.216 0.118 0.710 -0.277
6.530 0.050 0.516 0.158 1.216 0.119 0.709 -0.279
6.550 0.049 0.517 0.160 1.216 0.121 0.708 -0.281
6.570 0.049 0.518 0.161 1.216 0.123 0.707 -0.282
6.590 0.048 0.519 0.163 1.216 0.124 0.706 -0.284
6.610 0.047 0.520 0.164 1.216 0.126 0.705 -0.286
6.630 0.046 0.521 0.166 1.216 0.127 0.704 -0.287
6.650 0.045 0.523 0.167 1.216 0.129 0.703 -0.289
6.670 0.044 0.524 0.169 1.216 0.130 0.703 -0.291
6.690 0.044 0.525 0.170 1.216 0.132 0.702 -0.292
6.710 0.043 0.526 0.172 1.216 0.134 0.701 -0.294
6.730 0.042 0.527 0.173 1.216 0.135 0.700 -0.296
6.750 0.041 0.528 0.175 1.216 0.137 0.699 -0.297
6.770 0.040 0.530 0.176 1.216 0.138 0.698 -0.299
6.790 0.040 0.531 0.177 1.216 0.139 0.697 -0.300
6.810 0.039 0.532 0.178 1.216 0.141 0.696 -0.302
6.830 0.038 0.533 0.180 1.216 0.142 0.695 -0.303
6.850 0.037 0.534 0.181 1.216 0.144 0.694 -0.304
6.870 0.037 0.536 0.182 1.216 0.145 0.693 -0.306
6.890 0.036 0.537 0.183 1.216 0.147 0.692 -0.307
6.910 0.035 0.538 0.184 1.216 0.148 0.691 -0.308
6.930 0.035 0.539 0.185 1.216 0.149 0.689 -0.310
6.950 0.034 0.541 0.186 1.216 0.151 0.688 -0.311
6.970 0.033 0.542 0.187 1.216 0.152 0.687 -0.312
6.990 0.033 0.543 0.188 1.216 0.153 0.686 -0.314
7.010 0.032 0.545 0.189 1.216 0.155 0.685 -0.315
7.030 0.032 0.546 0.190 1.216 0.156 0.684 -0.316
7.050 0.031 0.547 0.191 1.216 0.157 0.683 -0.317
7.070 0.030 0.549 0.192 1.216 0.158 0.682 -0.318
7.090 0.030 0.550 0.193 1.216 0.160 0.680 -0.319
7.110 0.029 0.551 0.193 1.216 0.161 0.679 -0.320
7.130 0.029 0.553 0.194 1.216 0.162 0.678 -0.321
7.150 0.028 0.554 0.195 1.216 0.163 0.677 -0.322
7.170 0.028 0.555 0.195 1.216 0.164 0.676 -0.323
7.190 0.027 0.557 0.196 1.216 0.166 0.675 -0.324
7.210 0.027 0.558 0.197 1.216 0.167 0.673 -0.325
7.230 0.027 0.559 0.197 1.216 0.168 0.672 -0.326
7.250 0.026 0.561 0.198 1.216 0.169 0.671 -0.327
7.270 0.026 0.562 0.198 1.216 0.170 0.670 -0.328
7.290 0.025 0.564 0.199 1.216 0.171 0.668 -0.329
7.310 0.025 0.565 0.199 1.216 0.172 0.667 -0.329
7.330 0.025 0.566 0.199 1.216 0.173 0.666 -0.330
7.350 0.024 0.568 0.200 1.216 0.174 0.665 -0.331
7.370 0.024 0.569 0.200 1.216 0.175 0.663 -0.332
7.390 0.024 0.571 0.200 1.216 0.176 0.662 -0.332
7.410 0.024 0.572 0.201 1.216 0.177 0.661 -0.333
7.430 0.023 0.573 0.201 1.216 0.178 0.659 -0.334
7.450 0.023 0.575 0.201 1.216 0.178 0.658 -0.334
7.470 0.023 0.576 0.201 1.216 0.179 0.657 -0.335
7.490 0.023 0.578 0.201 1.216 0.180 0.655 -0.335
7.510 0.023 0.579 0.201 1.216 0.181 0.654 -0.336
7.530 0.023 0.580 0.201 1.216 0.182 0.653 -0.336
7.550 0.022 0.582 0.201 1.216 0.182 0.651 -0.337
7.570 0.022 0.583 0.201 1.216 0.183 0.650 -0.337
7.590 0.022 0.585 0.201 1.216 0.184 0.649 -0.338
7.610 0.022 0.586 0.201 1.216 0.184 0.647 -0.338
7.630 0.022 0.588 0.201 1.216 0.185 0.646 -0.339
7.650 0.022 0.589 0.201 1.216 0.186 0.645 -0.339
7.670 0.022 0.590 0.201 1.216 0.186 0.643 -0.339
7.690 0.022 0.592 0.200 1.216 0.187 0.642 -0.340
7.710 0.022 0.593 0.200 1.216 0.187 0.640 -0.340
7.730 0.022 0.595 0.200 1.216 0.188 0.639 -0.340
7.750 0.023 0.596 0.200 1.216 0.188 0.638 -0.340
7.770 0.023 0.597 0.199 1.216 0.189 0.636 -0.341
7.790 0.023 0.599 0.199 1.216 0.189 0.635 -0.341
7.810 0.023 0.600 0.199 1.216 0.189 0.633 -0.341
7.830 0.023 0.602 0.198 1.216 0.190 0.632 -0.341
7.850 0.023 0.603 0.198 1.216 0.190 0.631 -0.341
7.870 0.024 0.604 0.197 1.216 0.190 0.629 -0.341
7.890 0.024 0.606 0.197 1.216 0.191 0.628 -0.341
7.910 0.024 0.607 0.196 1.216 0.191 0.626 -0.341
7.930 0.025 0.609 0.196 1.216 0.191 0.625 -0.341
7.950 0.025 0.610 0.195 1.216 0.191 0.623 -0.341
7.970 0.025 0.611 0.194 1.216 0.191 0.622 -0.341
7.990 0.026 0.613 0.194 1.216 0.191 0.621 -0.341
8.010 0.026 0.614 0.193 1.216 0.191 0.619 -0.341
8.030 0.027 0.615 0.192 1.216 0.192 0.618 -0.341
8.050 0.027 0.617 0.191 1.216 0.192 0.616 -0.341
8.070 0.028 0.618 0.191 1.216 0.192 0.615 -0.341
8.090 0.028 0.620 0.190 1.216 0.192 0.613 -0.341
8.110 0.029 0.621 0.189 1.216 0.192 0.612 -0.341
8.130 0.029 0.622 0.188 1.216 0.191 0.611 -0.340
8.150 0.030 0.624 0.187 1.216 0.191 0.609 -0.340
8.170 0.031 0.625 0.186 1.216 0.191 0.608 -0.340
8.190 0.031 0.626 0.186 1.216 0.191 0.606 -0.340
8.210 0.032 0.627 0.185 1.216 0.191 0.605 -0.339
8.230 0.033 0.629 0.184 1.216 0.190 0.604 -0.339
8.250 0.033 0.630 0.183 1.216 0.190 0.602 -0.339
8.270 0.034 0.631 0.182 1.216 0.190 0.601 -0.338
8.290 0.035 0.633 0.181 1.216 0.189 0.599 -0.338
8.310 0.036 0.634 0.180 1.216 0.189 0.598 -0.338
8.330 0.037 0.635 0.178 1.216 0.189 0.597 -0.337
8.350 0.037 0.636 0.177 1.216 0.188 0.595 -0.337
8.370 0.038 0.638 0.176 1.216 0.188 0.594 -0.336
8.390 0.039 0.639 0.175 1.216 0.187 0.592 -0.336
8.410 0.040 0.640 0.174 1.216 0.187 0.591 -0.336
8.430 0.041 0.641 0.173 1.216 0.186 0.590 -0.335
8.450 0.042 0.643 0.171 1.216 0.185 0.588 -0.335
8.470 0.043 0.644 0.170 1.216 0.185 0.587 -0.334
8.490 0.044 0.645 0.169 1.216 0.184 0.586 -0.333
8.510 0.045 0.646 0.168 1.216 0.183 0.584 -0.333
8.530 0.046 0.647 0.166 1.216 0.182 0.583 -0.332
8.550 0.047 0.648 0.165 1.216 0.182 0.582 -0.332
8.570 0.049 0.650 0.164 1.216 0.181 0.580 -0.331
8.590 0.050 0.651 0.162 1.216 0.180 0.579 -0.331
8.610 0.051 0.652 0.161 1.216 0.179 0.578 -0.330
8.630 0.052 0.653 0.160 1.216 0.178 0.576 -0.329
8.650 0.053 0.654 0.158 1.216 0.177 0.575 -0.329
8.670 0.055 0.655 0.157 1.216 0.176 0.574 -0.328
8.690 0.056 0.656 0.155 1.216 0.175 0.572 -0.327
8.710 0.057 0.657 0.154 1.216 0.174 0.571 -0.327
8.730 0.059 0.658 0.153 1.216 0.173 0.570 -0.326
8.750 0.060 0.659 0.151 1.216 0.172 0.569 -0.325
8.770 0.062 0.660 0.150 1.216 0.171 0.567 -0.324
8.790 0.063 0.661 0.148 1.216 0.170 0.566 -0.324
8.810 0.064 0.662 0.147 1.216 0.168 0.565 -0.323
8.830 0.066 0.663 0.145 1.216 0.167 0.564 -0.322
8.850 0.067 0.664 0.143 1.216 0.166 0.563 -0.321
8.870 0.069 0.665 0.142 1.216 0.165 0.561 -0.321
8.890 0.071 0.666 0.140 1.216 0.163 0.560 -0.320
8.910 0.072 0.667 0.139 1.216 0.162 0.559 -0.319
8.930 0.074 0.668 0.137 1.216 0.161 0.558 -0.318
8.950 0.075 0.669 0.135 1.216 0.159 0.557 -0.317
8.970 0.077 0.670 0.134 1.216 0.158 0.556 -0.316
8.990 0.079 0.671 0.132 1.216 0.156 0.555 -0.316
9.010 0.080 0.672 0.131 1.216 0.155 0.553 -0.315
9.030 0.082 0.673 0.129 1.216 0.153 0.552 -0.314
9.050 0.084 0.674 0.127 1.216 0.152 0.551 -0.313
9.070 0.086 0.674 0.125 1.216 0.150 0.550 -0.312
9.090 0.088 0.675 0.124 1.216 0.148 0.549 -0.311
9.110 0.089 0.676 0.122 1.216 0.147 0.548 -0.310
9.130 0.091 0.677 0.120 1.216 0.145 0.547 -0.309
9.150 0.093 0.678 0.119 1.216 0.143 0.546 -0.308
9.170 0.095 0.679 0.117 1.216 0.142 0.545 -0.307
9.190 0.097 0.679 0.115 1.216 0.140 0.544 -0.307
9.210 0.099 0.680 0.113 1.216 0.138 0.543 -0.306
9.230 0.101 0.681 0.112 1.216 0.136 0.542 -0.305
9.250 0.103 0.682 0.110 1.216 0.134 0.541 -0.304
9.270 0.105 0.682 0.108 1.216 0.133 0.540 -0.303
9.290 0.107 0.683 0.106 1.216 0.131 0.539 -0.302
9.310 0.109 0.684 0.104 1.216 0.129 0.538 -0.301
9.330 0.111 0.684 0.103 1.216 0.127 0.537 -0.300
9.350 0.113 0.685 0.101 1.216 0.125 0.537 -0.299
9.370 0.115 0.686 0.099 1.216 0.123 0.536 -0.298
9.390 0.117 0.686 0.097 1.216 0.121 0.535 -0.297
9.410 0.119 0.687 0.095 1.216 0.119 0.534 -0.296
9.430 0.121 0.688 0.094 1.216 0.117 0.533 -0.295
9.450 0.124 0.688 0.092 1.216 0.115 0.532 -0.294
9.470 0.126 0.689 0.090 1.216 0.113 0.532 -0.292
9.490 0.128 0.690 0.088 1.216 0.111 0.531 -0.291
9.510 0.130 0.690 0.086 1.216 0.108 0.530 -0.290
9.530 0.133 0.691 0.084 1.216 0.106 0.529 -0.289
9.550 0.135 0.691 0.082 1.216 0.104 0.529 -0.288
9.570 0.137 0.692 0.080 1.216 0.102 0.528 -0.287
9.590 0.139 0.692 0.079 1.216 0.100 0.527 -0.286
9.610 0.142 0.693 0.077 1.216 0.097 0.527 -0.285
9.630 0.144 0.693 0.075 1.216 0.095 0.526 -0.284
9.650 0.146 0.694 0.073 1.216 0.093 0.525 -0.283
9.670 0.149 0.694 0.071 1.216 0.091 0.525 -0.282
9.690 0.151 0.695 0.069 1.216 0.088 0.524 -0.281
9.710 0.154 0.695 0.067 1.216 0.086 0.523 -0.280
9.730 0.156 0.696 0.065 1.216 0.084 0.523 -0.279
9.750 0.158 0.696 0.063 1.216 0.081 0.522 -0.277
9.770 0.161 0.696 0.061 1.216 0.079 0.522 -0.276
9.790 0.163 0.697 0.059 1.216 0.077 0.521 -0.275
9.810 0.166 0.697 0.057 1.216 0.074 0.521 -0.274
9.830 0.168 0.698 0.056 1.216 0.072 0.520 -0.273
9.850 0.171 0.698 0.054 1.216 0.069 0.520 -0.272
9.870 0.173 0.698 0.052 1.216 0.067 0.519 -0.271
9.890 0.176 0.699 0.050 1.216 0.064 0.519 -0.270
9.910 0.178 0.699 0.048 1.216 0.062 0.518 -0.269
9.930 0.181 0.699 0.045 1.216 0.059 0.518 -0.267
9.950 0.185 0.700 0.043 1.216 0.056 0.517 -0.266
9.970 0.188 0.700 0.040 1.216 0.053 0.517 -0.264
9.990 0.190 0.700 0.039 1.216 0.050 0.517 -0.263
10.010 0.191 0.700 0.038 1.216 0.050 0.516 -0.263
10.020 0.191 0.700 0.038 1.216 0.050 0.516 -0.263
