0.000 -0.000 0.625 0.000 1.210 0.000 0.585 0.000
0.010 -0.000 0.625 0.000 1.210 0.000 0.585 0.000
0.030 0.000 0.625 -0.000 1.210 -0.000 0.585 0.000
0.050 0.001 0.625 -0.001 1.210 -0.001 0.585 0.001
0.070 0.002 0.625 -0.002 1.210 -0.002 0.585 0.001
0.090 0.003 0.625 -0.003 1.210 -0.003 0.585 0.002
0.110 0.004 0.625 -0.004 1.210 -0.004 0.585 0.003
0.130 0.005 0.625 -0.005 1.210 -0.005 0.585 0.003
0.150 0.005 0.625 -0.006 1.210 -0.006 0.585 0.004
0.170 0.006 0.625 -0.006 1.210 -0.007 0.585 0.005
0.190 0.007 0.625 -0.007 1.210 -0.008 0.585 0.005
0.210 0.008 0.625 -0.008 1.210 -0.008 0.585 0.006
0.230 0.008 0.625 -0.009 1.210 -0.009 0.585 0.006
0.250 0.009 0.625 -0.009 1.210 -0.010 0.585 0.007
0.270 0.010 0.625 -0.010 1.210 -0.011 0.585 0.008
0.290 0.011 0.625 -0.011 1.210 -0.012 0.586 0.008
0.310 0.011 0.625 -0.012 1.210 -0.012 0.586 0.009
0.330 0.012 0.625 -0.013 1.210 -0.013 0.586 0.009
0.350 0.013 0.625 -0.013 1.210 -0.014 0.586 0.010
0.370 0.014 0.625 -0.014 1.210 -0.015 0.586 0.010
0.390 0.014 0.624 -0.015 1.210 -0.016 0.586 0.011
0.410 0.015 0.624 -0.016 1.210 -0.017 0.586 0.011
0.430 0.016 0.624 -0.016 1.210 -0.017 0.586 0.012
0.450 0.016 0.624 -0.017 1.210 -0.018 0.586 0.013
0.470 0.017 0.624 -0.018 1.210 -0.019 0.587 0.013
0.490 0.018 0.624 -0.019 1.210 -0.020 0.587 0.014
0.510 0.019 0.624 -0.019 1.210 -0.021 0.587 0.014
0.530 0.019 0.624 -0.020 1.210 -0.021 0.587 0.015
0.550 0.020 0.623 -0.021 1.210 -0.022 0.587 0.015
0.570 0.021 0.623 -0.022 1.210 -0.023 0.587 0.016
0.590 0.021 0.623 -0.022 1.210 -0.024 0.587 0.016
0.610 0.022 0.623 -0.023 1.210 -0.024 0.588 0.017
0.630 0.023 0.623 -0.024 1.210 -0.025 0.588 0.018
0.650 0.024 0.623 -0.025 1.210 -0.026 0.588 0.018
0.670 0.024 0.622 -0.025 1.210 -0.027 0.588 0.019
0.690 0.025 0.622 -0.026 1.210 -0.027 0.588 0.019
0.710 0.026 0.622 -0.027 1.210 -0.028 0.589 0.020
0.730 0.026 0.622 -0.028 1.210 -0.029 0.589 0.020
0.750 0.027 0.622 -0.028 1.210 -0.030 0.589 0.021
0.770 0.028 0.622 -0.029 1.210 -0.030 0.589 0.021
0.790 0.028 0.621 -0.030 1.210 -0.031 0.589 0.022
0.810 0.029 0.621 -0.030 1.210 -0.032 0.590 0.022
0.830 0.030 0.621 -0.031 1.210 -0.033 0.590 0.023
0.850 0.030 0.621 -0.032 1.210 -0.033 0.590 0.023
0.870 0.031 0.620 -0.033 1.210 -0.034 0.590 0.024
0.890 0.032 0.620 -0.033 1.210 -0.035 0.591 0.024
0.910 0.032 0.620 -0.034 1.210 -0.035 0.591 0.025
0.930 0.033 0.620 -0.035 1.210 -0.036 0.591 0.025
0.950 0.033 0.619 -0.035 1.210 -0.037 0.591 0.026
0.970 0.034 0.619 -0.036 1.210 -0.037 0.592 0.026
0.990 0.035 0.619 -0.037 1.210 -0.038 0.592 0.027
1.010 0.035 0.619 -0.037 1.210 -0.039 0.592 0.027
1.030 0.036 0.618 -0.038 1.210 -0.039 0.593 0.028
1.050 0.037 0.618 -0.039 1.210 -0.040 0.593 0.028
1.070 0.037 0.618 -0.039 1.210 -0.041 0.593 0.029
1.090 0.038 0.618 -0.040 1.210 -0.041 0.593 0.029
1.110 0.038 0.617 -0.041 1.210 -0.042 0.594 0.030
1.130 0.039 0.617 -0.041 1.210 -0.043 0.594 0.030
1.150 0.039 0.617 -0.042 1.210 -0.043 0.594 0.031
1.170 0.040 0.617 -0.042 1.210 -0.044 0.595 0.031
1.190 0.041 0.616 -0.043 1.210 -0.044 0.595 0.031
1.210 0.041 0.616 -0.044 1.210 -0.045 0.595 0.032
1.230 0.042 0.616 -0.044 1.210 -0.046 0.596 0.032
1.250 0.042 0.615 -0.045 1.210 -0.046 0.596 0.033
1.270 0.043 0.615 -0.045 1.210 -0.047 0.596 0.033
1.290 0.043 0.615 -0.046 1.210 -0.047 0.597 0.034
1.310 0.044 0.614 -0.047 1.210 -0.048 0.597 0.034
1.330 0.044 0.614 -0.047 1.210 -0.048 0.597 0.034
1.350 0.045 0.614 -0.048 1.210 -0.049 0.598 0.035
1.370 0.045 0.613 -0.048 1.210 -0.049 0.598 0.035
1.390 0.046 0.613 -0.049 1.210 -0.050 0.598 0.036
1.410 0.046 0.613 -0.049 1.210 -0.050 0.599 0.036
1.430 0.047 0.612 -0.050 1.210 -0.051 0.599 0.036
1.450 0.047 0.612 -0.051 1.210 -0.051 0.600 0.037
1.470 0.048 0.612 -0.051 1.210 -0.052 0.600 0.037
1.490 0.048 0.611 -0.052 1.210 -0.052 0.600 0.037
1.510 0.049 0.611 -0.052 1.210 -0.053 0.601 0.038
1.530 0.049 0.611 -0.053 1.210 -0.053 0.601 0.038
1.550 0.049 0.610 -0.053 1.210 -0.054 0.602 0.038
1.570 0.050 0.610 -0.054 1.210 -0.054 0.602 0.039
1.590 0.050 0.609 -0.054 1.210 -0.055 0.602 0.039
1.610 0.051 0.609 -0.055 1.210 -0.055 0.603 0.039
1.630 0.051 0.609 -0.055 1.210 -0.055 0.603 0.040
1.650 0.051 0.608 -0.055 1.210 -0.056 0.604 0.040
1.670 0.052 0.608 -0.056 1.210 -0.056 0.604 0.040
1.690 0.052 0.608 -0.056 1.210 -0.057 0.604 0.041
1.710 0.053 0.607 -0.057 1.210 -0.057 0.605 0.041
1.730 0.053 0.607 -0.057 1.210 -0.057 0.605 0.041
1.750 0.053 0.606 -0.058 1.210 -0.058 0.606 0.042
1.770 0.054 0.606 -0.058 1.210 -0.058 0.606 0.042
1.790 0.054 0.606 -0.058 1.210 -0.058 0.606 0.042
1.810 0.054 0.605 -0.059 1.210 -0.059 0.607 0.042
1.830 0.055 0.605 -0.059 1.210 -0.059 0.607 0.043
1.850 0.055 0.604 -0.060 1.210 -0.059 0.608 0.043
1.870 0.055 0.604 -0.060 1.210 -0.060 0.608 0.043
1.890 0.055 0.603 -0.060 1.210 -0.060 0.609 0.043
1.910 0.056 0.603 -0.061 1.210 -0.060 0.609 0.044
1.930 0.056 0.603 -0.061 1.210 -0.060 0.609 0.044
1.950 0.056 0.602 -0.061 1.210 -0.061 0.610 0.044
1.970 0.057 0.602 -0.062 1.210 -0.061 0.610 0.044
1.990 0.057 0.601 -0.062 1.210 -0.061 0.611 0.044
2.010 0.057 0.601 -0.062 1.210 -0.061 0.611 0.045
2.030 0.057 0.600 -0.063 1.210 -0.062 0.612 0.045
2.050 0.058 0.600 -0.063 1.210 -0.062 0.612 0.045
2.070 0.058 0.600 -0.063 1.210 -0.062 0.613 0.045
2.090 0.058 0.599 -0.063 1.210 -0.062 0.613 0.045
2.110 0.058 0.599 -0.064 1.210 -0.062 0.614 0.045
2.130 0.058 0.598 -0.064 1.210 -0.062 0.614 0.046
2.150 0.059 0.598 -0.064 1.210 -0.063 0.614 0.046
2.170 0.059 0.597 -0.064 1.210 -0.063 0.615 0.046
2.190 0.059 0.597 -0.065 1.210 -0.063 0.615 0.046
2.210 0.059 0.596 -0.065 1.210 -0.063 0.616 0.046
2.230 0.059 0.596 -0.065 1.210 -0.063 0.616 0.046
2.250 0.059 0.596 -0.065 1.210 -0.063 0.617 0.046
2.270 0.059 0.595 -0.065 1.210 -0.063 0.617 0.046
2.290 0.060 0.595 -0.066 1.210 -0.063 0.618 0.046
2.310 0.060 0.594 -0.066 1.210 -0.063 0.618 0.047
2.330 0.060 0.594 -0.066 1.210 -0.064 0.619 0.047
2.350 0.060 0.593 -0.066 1.210 -0.064 0.619 0.047
2.370 0.060 0.593 -0.066 1.210 -0.064 0.620 0.047
2.390 0.060 0.592 -0.066 1.210 -0.064 0.620 0.047
2.410 0.060 0.592 -0.066 1.210 -0.064 0.620 0.047
2.430 0.060 0.591 -0.066 1.210 -0.064 0.621 0.047
2.450 0.060 0.591 -0.067 1.210 -0.064 0.621 0.047
2.470 0.060 0.590 -0.067 1.210 -0.064 0.622 0.047
2.490 0.060 0.590 -0.067 1.210 -0.064 0.622 0.047
2.510 0.060 0.590 -0.067 1.210 -0.064 0.623 0.047
2.530 0.060 0.589 -0.067 1.210 -0.064 0.623 0.047
2.550 0.060 0.589 -0.067 1.210 -0.063 0.624 0.047
2.570 0.060 0.588 -0.067 1.210 -0.063 0.624 0.047
2.590 0.060 0.588 -0.067 1.210 -0.063 0.625 0.047
2.610 0.060 0.587 -0.067 1.210 -0.063 0.625 0.047
2.630 0.060 0.587 -0.067 1.210 -0.063 0.626 0.047
2.650 0.060 0.586 -0.067 1.210 -0.063 0.626 0.047
2.670 0.060 0.586 -0.067 1.210 -0.063 0.627 0.046
2.690 0.060 0.585 -0.067 1.210 -0.063 0.627 0.046
2.710 0.060 0.585 -0.067 1.210 -0.063 0.627 0.046
2.730 0.060 0.584 -0.067 1.210 -0.063 0.628 0.046
2.750 0.060 0.584 -0.067 1.210 -0.062 0.628 0.046
2.770 0.060 0.583 -0.066 1.210 -0.062 0.629 0.046
2.790 0.060 0.583 -0.066 1.210 -0.062 0.629 0.046
2.810 0.060 0.583 -0.066 1.210 -0.062 0.630 0.046
2.830 0.060 0.582 -0.066 1.210 -0.062 0.630 0.046
2.850 0.060 0.582 -0.066 1.210 -0.062 0.631 0.045
2.870 0.059 0.581 -0.066 1.210 -0.061 0.631 0.045
2.890 0.059 0.581 -0.066 1.210 -0.061 0.632 0.045
2.910 0.059 0.580 -0.066 1.210 -0.061 0.632 0.045
2.930 0.059 0.580 -0.065 1.210 -0.061 0.632 0.045
2.950 0.059 0.579 -0.065 1.210 -0.060 0.633 0.045
2.970 0.059 0.579 -0.065 1.210 -0.060 0.633 0.044
2.990 0.058 0.578 -0.065 1.210 -0.060 0.634 0.044
3.010 0.058 0.578 -0.065 1.210 -0.060 0.634 0.044
3.030 0.058 0.578 -0.064 1.210 -0.059 0.635 0.044
3.050 0.058 0.577 -0.064 1.210 -0.059 0.635 0.043
3.070 0.058 0.577 -0.064 1.210 -0.059 0.636 0.043
3.090 0.058 0.576 -0.064 1.210 -0.058 0.636 0.043
3.110 0.057 0.576 -0.063 1.210 -0.058 0.636 0.043
3.130 0.057 0.575 -0.063 1.210 -0.058 0.637 0.042
3.150 0.057 0.575 -0.063 1.210 -0.057 0.637 0.042
3.170 0.057 0.574 -0.063 1.210 -0.057 0.638 0.042
3.190 0.056 0.574 -0.062 1.210 -0.057 0.638 0.042
3.210 0.056 0.574 -0.062 1.210 -0.056 0.638 0.041
3.230 0.056 0.573 -0.062 1.210 -0.056 0.639 0.041
3.250 0.056 0.573 -0.061 1.210 -0.056 0.639 0.041
3.270 0.055 0.572 -0.061 1.210 -0.055 0.640 0.040
3.290 0.055 0.572 -0.061 1.210 -0.055 0.640 0.040
3.310 0.055 0.571 -0.060 1.210 -0.055 0.640 0.040
3.330 0.055 0.571 -0.060 1.210 -0.054 0.641 0.039
3.350 0.054 0.571 -0.059 1.210 -0.054 0.641 0.039
3.370 0.054 0.570 -0.059 1.210 -0.053 0.642 0.038
3.390 0.054 0.570 -0.059 1.210 -0.053 0.642 0.038
3.410 0.053 0.569 -0.058 1.210 -0.052 0.642 0.038
3.430 0.053 0.569 -0.058 1.210 -0.052 0.643 0.037
3.450 0.053 0.569 -0.057 1.210 -0.052 0.643 0.037
3.470 0.052 0.568 -0.057 1.210 -0.051 0.644 0.037
3.490 0.052 0.568 -0.056 1.210 -0.051 0.644 0.036
3.510 0.052 0.567 -0.056 1.210 -0.050 0.644 0.036
3.530 0.051 0.567 -0.056 1.210 -0.050 0.645 0.035
3.550 0.051 0.567 -0.055 1.210 -0.049 0.645 0.035
3.570 0.051 0.566 -0.055 1.210 -0.049 0.645 0.034
3.590 0.050 0.566 -0.054 1.210 -0.048 0.646 0.034
3.610 0.050 0.565 -0.054 1.210 -0.048 0.646 0.033
3.630 0.049 0.565 -0.053 1.210 -0.047 0.646 0.033
3.650 0.049 0.565 -0.052 1.210 -0.047 0.647 0.032
3.670 0.049 0.564 -0.052 1.210 -0.046 0.647 0.032
3.690 0.048 0.564 -0.051 1.210 -0.046 0.647 0.032
3.710 0.048 0.564 -0.051 1.210 -0.045 0.648 0.031
3.730 0.047 0.563 -0.050 1.210 -0.044 0.648 0.030
3.750 0.047 0.563 -0.050 1.210 -0.044 0.648 0.030
3.770 0.047 0.563 -0.049 1.210 -0.043 0.649 0.029
3.790 0.046 0.562 -0.049 1.210 -0.043 0.649 0.029
3.810 0.046 0.562 -0.048 1.210 -0.042 0.649 0.028
3.830 0.045 0.562 -0.047 1.210 -0.042 0.650 0.028
3.850 0.045 0.561 -0.047 1.210 -0.041 0.650 0.027
3.870 0.044 0.561 -0.046 1.210 -0.040 0.650 0.027
3.890 0.044 0.561 -0.045 1.210 -0.040 0.651 0.026
3.910 0.044 0.560 -0.045 1.210 -0.039 0.651 0.026
3.930 0.043 0.560 -0.044 1.210 -0.039 0.651 0.025
3.950 0.043 0.560 -0.043 1.210 -0.038 0.651 0.024
3.970 0.042 0.559 -0.043 1.210 -0.037 0.652 0.024
3.990 0.042 0.559 -0.042 1.210 -0.037 0.652 0.023
4.010 0.041 0.559 -0.041 1.210 -0.036 0.652 0.023
4.030 0.041 0.559 -0.041 1.210 -0.036 0.652 0.022
4.050 0.040 0.558 -0.040 1.210 -0.035 0.653 0.021
4.070 0.040 0.558 -0.039 1.210 -0.034 0.653 0.021
4.090 0.039 0.558 -0.039 1.210 -0.034 0.653 0.020
4.110 0.039 0.557 -0.038 1.210 -0.033 0.653 0.020
4.130 0.038 0.557 -0.037 1.210 -0.032 0.654 0.019
4.150 0.038 0.557 -0.037 1.210 -0.032 0.654 0.018
4.170 0.037 0.557 -0.036 1.210 -0.031 0.654 0.018
4.190 0.037 0.556 -0.035 1.210 -0.030 0.654 0.017
4.210 0.036 0.556 -0.034 1.210 -0.030 0.655 0.016
4.230 0.036 0.556 -0.034 1.210 -0.029 0.655 0.016
4.250 0.035 0.556 -0.033 1.210 -0.028 0.655 0.015
4.270 0.035 0.556 -0.032 1.210 -0.028 0.655 0.014
4.290 0.034 0.555 -0.031 1.210 -0.027 0.655 0.014
4.310 0.034 0.555 -0.030 1.210 -0.026 0.656 0.013
4.330 0.033 0.555 -0.030 1.210 -0.026 0.656 0.012
4.350 0.033 0.555 -0.029 1.210 -0.025 0.656 0.012
4.370 0.032 0.554 -0.028 1.210 -0.024 0.656 0.011
4.390 0.032 0.554 -0.027 1.210 -0.024 0.656 0.010
4.410 0.031 0.554 -0.027 1.210 -0.023 0.657 0.010
4.430 0.030 0.554 -0.026 1.210 -0.022 0.657 0.009
4.450 0.030 0.554 -0.025 1.210 -0.021 0.657 0.008
4.470 0.029 0.554 -0.024 1.210 -0.021 0.657 0.008
4.490 0.029 0.553 -0.023 1.210 -0.020 0.657 0.007
4.510 0.028 0.553 -0.022 1.210 -0.019 0.657 0.006
4.530 0.028 0.553 -0.022 1.210 -0.019 0.657 0.005
4.550 0.027 0.553 -0.021 1.210 -0.018 0.658 0.005
4.570 0.027 0.553 -0.020 1.210 -0.017 0.658 0.004
4.590 0.026 0.553 -0.019 1.210 -0.016 0.658 0.003
4.610 0.025 0.553 -0.018 1.210 -0.016 0.658 0.002
4.630 0.025 0.552 -0.017 1.210 -0.015 0.658 0.002
4.650 0.024 0.552 -0.017 1.210 -0.014 0.658 0.001
4.670 0.024 0.552 -0.016 1.210 -0.013 0.658 0.000
4.690 0.023 0.552 -0.015 1.210 -0.013 0.658 -0.000
4.710 0.023 0.552 -0.014 1.210 -0.012 0.658 -0.001
4.730 0.022 0.552 -0.013 1.210 -0.011 0.659 -0.002
4.750 0.021 0.552 -0.012 1.210 -0.011 0.659 -0.003
4.770 0.021 0.552 -0.011 1.210 -0.010 0.659 -0.003
4.790 0.020 0.552 -0.011 1.210 -0.009 0.659 -0.004
4.810 0.020 0.552 -0.010 1.210 -0.008 0.659 -0.005
4.830 0.019 0.552 -0.009 1.210 -0.008 0.659 -0.006
4.850 0.019 0.551 -0.008 1.210 -0.007 0.659 -0.006
4.870 0.018 0.551 -0.007 1.210 -0.006 0.659 -0.007
4.890 0.017 0.551 -0.006 1.210 -0.005 0.659 -0.008
4.910 0.017 0.551 -0.005 1.210 -0.005 0.659 -0.009
4.930 0.016 0.551 -0.004 1.210 -0.004 0.659 -0.010
4.950 0.016 0.551 -0.004 1.210 -0.003 0.659 -0.010
4.970 0.015 0.551 -0.003 1.210 -0.002 0.659 -0.011
4.990 0.015 0.551 -0.002 1.210 -0.002 0.659 -0.012
5.010 0.014 0.551 -0.001 1.210 -0.001 0.659 -0.013
5.030 0.013 0.551 -0.000 1.210 -0.000 0.659 -0.013
5.050 0.013 0.551 0.001 1.210 0.001 0.659 -0.014
5.070 0.012 0.551 0.002 1.210 0.001 0.659 -0.015
5.090 0.012 0.551 0.003 1.210 0.002 0.659 -0.016
5.110 0.011 0.551 0.003 1.210 0.003 0.659 -0.016
5.130 0.010 0.551 0.004 1.210 0.004 0.659 -0.017
5.150 0.010 0.551 0.005 1.210 0.004 0.659 -0.018
5.170 0.009 0.551 0.006 1.210 0.005 0.659 -0.019
5.190 0.009 0.551 0.007 1.210 0.006 0.659 -0.019
5.210 0.008 0.551 0.008 1.210 0.007 0.659 -0.020
5.230 0.008 0.552 0.009 1.210 0.007 0.659 -0.021
5.250 0.007 0.552 0.010 1.210 0.008 0.659 -0.022
5.270 0.006 0.552 0.010 1.210 0.009 0.659 -0.022
5.290 0.006 0.552 0.011 1.210 0.010 0.659 -0.023
5.310 0.005 0.552 0.012 1.210 0.010 0.659 -0.024
5.330 0.005 0.552 0.013 1.210 0.011 0.659 -0.025
5.350 0.004 0.552 0.014 1.210 0.012 0.658 -0.025
5.370 0.004 0.552 0.015 1.210 0.013 0.658 -0.026
5.390 0.003 0.552 0.016 1.210 0.013 0.658 -0.027
5.410 0.002 0.552 0.016 1.210 0.014 0.658 -0.028
5.430 0.002 0.552 0.017 1.210 0.015 0.658 -0.028
5.450 0.001 0.553 0.018 1.210 0.016 0.658 -0.029
5.470 0.001 0.553 0.019 1.210 0.016 0.658 -0.030
5.490 0.000 0.553 0.020 1.210 0.017 0.658 -0.031
5.510 -0.000 0.553 0.021 1.210 0.018 0.658 -0.031
5.530 -0.001 0.553 0.021 1.210 0.018 0.657 -0.032
5.550 -0.001 0.553 0.022 1.210 0.019 0.657 -0.033
5.570 -0.002 0.553 0.023 1.210 0.020 0.657 -0.033
5.590 -0.003 0.554 0.024 1.210 0.021 0.657 -0.034
5.610 -0.003 0.554 0.025 1.210 0.021 0.657 -0.035
5.630 -0.004 0.554 0.026 1.210 0.022 0.657 -0.036
5.650 -0.004 0.554 0.026 1.210 0.023 0.657 -0.036
5.670 -0.005 0.554 0.027 1.210 0.023 0.656 -0.037
5.690 -0.005 0.554 0.028 1.210 0.024 0.656 -0.038
5.710 -0.006 0.555 0.029 1.210 0.025 0.656 -0.038
5.730 -0.006 0.555 0.030 1.210 0.026 0.656 -0.039
5.750 -0.007 0.555 0.030 1.210 0.026 0.656 -0.040
5.770 -0.007 0.555 0.031 1.210 0.027 0.655 -0.040
5.790 -0.008 0.555 0.032 1.210 0.028 0.655 -0.041
5.810 -0.008 0.556 0.033 1.210 0.028 0.655 -0.042
5.830 -0.009 0.556 0.033 1.210 0.029 0.655 -0.042
5.850 -0.009 0.556 0.034 1.210 0.030 0.655 -0.043
5.870 -0.010 0.556 0.035 1.210 0.030 0.654 -0.044
5.890 -0.011 0.557 0.036 1.210 0.031 0.654 -0.044
5.910 -0.011 0.557 0.036 1.210 0.032 0.654 -0.045
5.930 -0.012 0.557 0.037 1.210 0.032 0.654 -0.046
5.950 -0.012 0.557 0.038 1.210 0.033 0.654 -0.046
5.970 -0.012 0.558 0.039 1.210 0.034 0.653 -0.047
5.990 -0.013 0.558 0.039 1.210 0.034 0.653 -0.048
6.010 -0.013 0.558 0.040 1.210 0.035 0.653 -0.048
6.030 -0.014 0.559 0.041 1.210 0.036 0.653 -0.049
6.050 -0.014 0.559 0.041 1.210 0.036 0.652 -0.049
6.070 -0.015 0.559 0.042 1.210 0.037 0.652 -0.050
6.090 -0.015 0.559 0.043 1.210 0.037 0.652 -0.051
6.110 -0.016 0.560 0.043 1.210 0.038 0.651 -0.051
6.130 -0.016 0.560 0.044 1.210 0.039 0.651 -0.052
6.150 -0.017 0.560 0.045 1.210 0.039 0.651 -0.052
6.170 -0.017 0.561 0.045 1.210 0.040 0.651 -0.053
6.190 -0.018 0.561 0.046 1.210 0.040 0.650 -0.053
6.210 -0.018 0.561 0.047 1.210 0.041 0.650 -0.054
6.230 -0.019 0.562 0.047 1.210 0.042 0.650 -0.055
6.250 -0.019 0.562 0.048 1.210 0.042 0.649 -0.055
6.270 -0.019 0.562 0.048 1.210 0.043 0.649 -0.056
6.290 -0.020 0.563 0.049 1.210 0.043 0.649 -0.056
6.310 -0.020 0.563 0.050 1.210 0.044 0.648 -0.057
6.330 -0.021 0.563 0.050 1.210 0.044 0.648 -0.057
6.350 -0.021 0.564 0.051 1.210 0.045 0.648 -0.058
6.370 -0.021 0.564 0.051 1.210 0.045 0.647 -0.058
6.390 -0.022 0.564 0.052 1.210 0.046 0.647 -0.059
6.410 -0.022 0.565 0.052 1.210 0.047 0.647 -0.059
6.430 -0.023 0.565 0.053 1.210 0.047 0.646 -0.060
6.450 -0.023 0.565 0.053 1.210 0.048 0.646 -0.060
6.470 -0.023 0.566 0.054 1.210 0.048 0.646 -0.061
6.490 -0.024 0.566 0.054 1.210 0.049 0.645 -0.061
6.510 -0.024 0.567 0.055 1.210 0.049 0.645 -0.062
6.530 -0.024 0.567 0.055 1.210 0.050 0.645 -0.062
6.550 -0.025 0.567 0.056 1.210 0.050 0.644 -0.062
6.570 -0.025 0.568 0.056 1.210 0.051 0.644 -0.063
6.590 -0.025 0.568 0.057 1.210 0.051 0.644 -0.063
6.610 -0.026 0.568 0.057 1.210 0.051 0.643 -0.064
6.630 -0.026 0.569 0.058 1.210 0.052 0.643 -0.064
6.650 -0.026 0.569 0.058 1.210 0.052 0.642 -0.064
6.670 -0.027 0.570 0.059 1.210 0.053 0.642 -0.065
6.690 -0.027 0.570 0.059 1.210 0.053 0.642 -0.065
6.710 -0.027 0.571 0.059 1.210 0.054 0.641 -0.066
6.730 -0.028 0.571 0.060 1.210 0.054 0.641 -0.066
6.750 -0.028 0.571 0.060 1.210 0.054 0.641 -0.066
6.770 -0.028 0.572 0.061 1.210 0.055 0.640 -0.067
6.790 -0.029 0.572 0.061 1.210 0.055 0.640 -0.067
6.810 -0.029 0.573 0.061 1.210 0.056 0.639 -0.067
6.830 -0.029 0.573 0.062 1.210 0.056 0.639 -0.068
6.850 -0.029 0.573 0.062 1.210 0.056 0.639 -0.068
6.870 -0.030 0.574 0.062 1.210 0.057 0.638 -0.068
6.890 -0.030 0.574 0.063 1.210 0.057 0.638 -0.069
6.910 -0.030 0.575 0.063 1.210 0.057 0.637 -0.069
6.930 -0.030 0.575 0.063 1.210 0.058 0.637 -0.069
6.950 -0.030 0.576 0.063 1.210 0.058 0.636 -0.069
6.970 -0.031 0.576 0.064 1.210 0.058 0.636 -0.070
6.990 -0.031 0.577 0.064 1.210 0.059 0.636 -0.070
7.010 -0.031 0.577 0.064 1.210 0.059 0.635 -0.070
7.030 -0.031 0.577 0.064 1.210 0.059 0.635 -0.070
7.050 -0.031 0.578 0.065 1.210 0.060 0.634 -0.071
7.070 -0.032 0.578 0.065 1.210 0.060 0.634 -0.071
7.090 -0.032 0.579 0.065 1.210 0.060 0.633 -0.071
7.110 -0.032 0.579 0.065 1.210 0.060 0.633 -0.071
7.130 -0.032 0.580 0.065 1.210 0.061 0.633 -0.072
7.150 -0.032 0.580 0.066 1.210 0.061 0.632 -0.072
7.170 -0.032 0.581 0.066 1.210 0.061 0.632 -0.072
7.190 -0.033 0.581 0.066 1.210 0.061 0.631 -0.072
7.210 -0.033 0.582 0.066 1.210 0.061 0.631 -0.072
7.230 -0.033 0.582 0.066 1.210 0.062 0.630 -0.072
7.250 -0.033 0.582 0.066 1.210 0.062 0.630 -0.073
7.270 -0.033 0.583 0.066 1.210 0.062 0.629 -0.073
7.290 -0.033 0.583 0.066 1.210 0.062 0.629 -0.073
7.310 -0.033 0.584 0.067 1.210 0.062 0.628 -0.073
7.330 -0.033 0.584 0.067 1.210 0.063 0.628 -0.073
7.350 -0.033 0.585 0.067 1.210 0.063 0.628 -0.073
7.370 -0.033 0.585 0.067 1.210 0.063 0.627 -0.073
7.390 -0.033 0.586 0.067 1.210 0.063 0.627 -0.073
7.410 -0.033 0.586 0.067 1.210 0.063 0.626 -0.073
7.430 -0.033 0.587 0.067 1.210 0.063 0.626 -0.073
7.450 -0.033 0.587 0.067 1.210 0.063 0.625 -0.074
7.470 -0.033 0.588 0.067 1.210 0.063 0.625 -0.074
7.490 -0.033 0.588 0.067 1.210 0.063 0.624 -0.074
7.510 -0.033 0.589 0.067 1.210 0.063 0.624 -0.074
7.530 -0.033 0.589 0.067 1.210 0.064 0.623 -0.074
7.550 -0.033 0.589 0.067 1.210 0.064 0.623 -0.074
7.570 -0.033 0.590 0.067 1.210 0.064 0.622 -0.074
7.590 -0.033 0.590 0.067 1.210 0.064 0.622 -0.074
7.610 -0.033 0.591 0.067 1.210 0.064 0.621 -0.074
7.630 -0.033 0.591 0.066 1.210 0.064 0.621 -0.074
7.650 -0.033 0.592 0.066 1.210 0.064 0.621 -0.074
7.670 -0.033 0.592 0.066 1.210 0.064 0.620 -0.074
7.690 -0.033 0.593 0.066 1.210 0.064 0.620 -0.074
7.710 -0.033 0.593 0.066 1.210 0.064 0.619 -0.074
7.730 -0.033 0.594 0.066 1.210 0.064 0.619 -0.073
7.750 -0.033 0.594 0.066 1.210 0.063 0.618 -0.073
7.770 -0.033 0.595 0.066 1.210 0.063 0.618 -0.073
7.790 -0.033 0.595 0.065 1.210 0.063 0.617 -0.073
7.810 -0.032 0.595 0.065 1.210 0.063 0.617 -0.073
7.830 -0.032 0.596 0.065 1.210 0.063 0.616 -0.073
7.850 -0.032 0.596 0.065 1.210 0.063 0.616 -0.073
7.870 -0.032 0.597 0.065 1.210 0.063 0.615 -0.073
7.890 -0.032 0.597 0.064 1.210 0.063 0.615 -0.073
7.910 -0.032 0.598 0.064 1.210 0.063 0.615 -0.073
7.930 -0.032 0.598 0.064 1.210 0.062 0.614 -0.072
7.950 -0.031 0.599 0.064 1.210 0.062 0.614 -0.072
7.970 -0.031 0.599 0.063 1.210 0.062 0.613 -0.072
7.990 -0.031 0.599 0.063 1.210 0.062 0.613 -0.072
8.010 -0.031 0.600 0.063 1.210 0.062 0.612 -0.072
8.030 -0.030 0.600 0.063 1.210 0.062 0.612 -0.072
8.050 -0.030 0.601 0.062 1.210 0.061 0.611 -0.071
8.070 -0.030 0.601 0.062 1.210 0.061 0.611 -0.071
8.090 -0.030 0.602 0.062 1.210 0.061 0.610 -0.071
8.110 -0.030 0.602 0.061 1.210 0.061 0.610 -0.071
8.130 -0.029 0.603 0.061 1.210 0.060 0.610 -0.071
8.150 -0.029 0.603 0.061 1.210 0.060 0.609 -0.070
8.170 -0.029 0.603 0.060 1.210 0.060 0.609 -0.070
8.190 -0.028 0.604 0.060 1.210 0.060 0.608 -0.070
8.210 -0.028 0.604 0.060 1.210 0.059 0.608 -0.070
8.230 -0.028 0.605 0.059 1.210 0.059 0.607 -0.069
8.250 -0.027 0.605 0.059 1.210 0.059 0.607 -0.069
8.270 -0.027 0.605 0.058 1.210 0.058 0.607 -0.069
8.290 -0.027 0.606 0.058 1.210 0.058 0.606 -0.069
8.310 -0.026 0.606 0.058 1.210 0.058 0.606 -0.068
8.330 -0.026 0.607 0.057 1.210 0.057 0.605 -0.068
8.350 -0.026 0.607 0.057 1.210 0.057 0.605 -0.068
8.370 -0.025 0.607 0.056 1.210 0.057 0.604 -0.068
8.390 -0.025 0.608 0.056 1.210 0.056 0.604 -0.067
8.410 -0.025 0.608 0.056 1.210 0.056 0.604 -0.067
8.430 -0.024 0.609 0.055 1.210 0.056 0.603 -0.067
8.450 -0.024 0.609 0.055 1.210 0.055 0.603 -0.066
8.470 -0.023 0.609 0.054 1.210 0.055 0.602 -0.066
8.490 -0.023 0.610 0.054 1.210 0.054 0.602 -0.066
8.510 -0.023 0.610 0.053 1.210 0.054 0.602 -0.065
8.530 -0.022 0.610 0.053 1.210 0.053 0.601 -0.065
8.550 -0.022 0.611 0.052 1.210 0.053 0.601 -0.065
8.570 -0.021 0.611 0.052 1.210 0.052 0.600 -0.064
8.590 -0.021 0.612 0.051 1.210 0.052 0.600 -0.064
8.610 -0.020 0.612 0.051 1.210 0.052 0.600 -0.064
8.630 -0.020 0.612 0.050 1.210 0.051 0.599 -0.063
8.650 -0.020 0.613 0.050 1.210 0.051 0.599 -0.063
8.670 -0.019 0.613 0.049 1.210 0.050 0.599 -0.062
8.690 -0.019 0.613 0.048 1.210 0.050 0.598 -0.062
8.710 -0.018 0.614 0.048 1.210 0.049 0.598 -0.062
8.730 -0.018 0.614 0.047 1.210 0.048 0.597 -0.061
8.750 -0.017 0.614 0.047 1.210 0.048 0.597 -0.061
8.770 -0.017 0.615 0.046 1.210 0.047 0.597 -0.060
8.790 -0.016 0.615 0.046 1.210 0.047 0.596 -0.060
8.810 -0.015 0.615 0.045 1.210 0.046 0.596 -0.060
8.830 -0.015 0.616 0.044 1.210 0.046 0.596 -0.059
8.850 -0.014 0.616 0.044 1.210 0.045 0.595 -0.059
8.870 -0.014 0.616 0.043 1.210 0.045 0.595 -0.058
8.890 -0.013 0.616 0.043 1.210 0.044 0.595 -0.058
8.910 -0.013 0.617 0.042 1.210 0.043 0.594 -0.057
8.930 -0.012 0.617 0.041 1.210 0.043 0.594 -0.057
8.950 -0.012 0.617 0.041 1.210 0.042 0.594 -0.056
8.970 -0.011 0.618 0.040 1.210 0.041 0.594 -0.056
8.990 -0.010 0.618 0.039 1.210 0.041 0.593 -0.056
9.010 -0.010 0.618 0.039 1.210 0.040 0.593 -0.055
9.030 -0.009 0.618 0.038 1.210 0.040 0.593 -0.055
9.050 -0.009 0.619 0.037 1.210 0.039 0.592 -0.054
9.070 -0.008 0.619 0.037 1.210 0.038 0.592 -0.054
9.090 -0.007 0.619 0.036 1.210 0.038 0.592 -0.053
9.110 -0.007 0.619 0.035 1.210 0.037 0.592 -0.053
9.130 -0.006 0.620 0.035 1.210 0.036 0.591 -0.052
9.150 -0.006 0.620 0.034 1.210 0.036 0.591 -0.052
9.170 -0.005 0.620 0.033 1.210 0.035 0.591 -0.051
9.190 -0.004 0.620 0.033 1.210 0.034 0.590 -0.051
9.210 -0.004 0.621 0.032 1.210 0.033 0.590 -0.050
9.230 -0.003 0.621 0.031 1.210 0.033 0.590 -0.050
9.250 -0.002 0.621 0.031 1.210 0.032 0.590 -0.049
9.270 -0.002 0.621 0.030 1.210 0.031 0.590 -0.049
9.290 -0.001 0.621 0.029 1.210 0.031 0.589 -0.048
9.310 -0.000 0.622 0.028 1.210 0.030 0.589 -0.048
9.330 0.000 0.622 0.028 1.210 0.029 0.589 -0.047
9.350 0.001 0.622 0.027 1.210 0.028 0.589 -0.047
9.370 0.002 0.622 0.026 1.210 0.028 0.588 -0.046
9.390 0.002 0.622 0.026 1.210 0.027 0.588 -0.045
9.410 0.003 0.623 0.025 1.210 0.026 0.588 -0.045
9.430 0.004 0.623 0.024 1.210 0.025 0.588 -0.044
9.450 0.004 0.623 0.023 1.210 0.025 0.588 -0.044
9.470 0.005 0.623 0.023 1.210 0.024 0.588 -0.043
9.490 0.006 0.623 0.022 1.210 0.023 0.587 -0.043
9.510 0.007 0.623 0.021 1.210 0.022 0.587 -0.042
9.530 0.007 0.624 0.020 1.210 0.021 0.587 -0.042
9.550 0.008 0.624 0.020 1.210 0.021 0.587 -0.041
9.570 0.009 0.624 0.019 1.210 0.020 0.587 -0.041
9.590 0.009 0.624 0.018 1.210 0.019 0.587 -0.040
9.610 0.010 0.624 0.017 1.210 0.018 0.586 -0.039
9.630 0.011 0.624 0.017 1.210 0.017 0.586 -0.039
9.650 0.012 0.624 0.016 1.210 0.017 0.586 -0.038
9.670 0.012 0.624 0.015 1.210 0.016 0.586 -0.038
9.690 0.013 0.624 0.014 1.210 0.015 0.586 -0.037
9.710 0.014 0.625 0.013 1.210 0.014 0.586 -0.037
9.730 0.015 0.625 0.013 1.210 0.013 0.586 -0.036
9.750 0.015 0.625 0.012 1.210 0.013 0.586 -0.035
9.770 0.016 0.625 0.011 1.210 0.012 0.586 -0.035
9.790 0.017 0.625 0.010 1.210 0.011 0.585 -0.034
9.810 0.018 0.625 0.010 1.210 0.010 0.585 -0.034
9.830 0.018 0.625 0.009 1.210 0.009 0.585 -0.033
9.850 0.019 0.625 0.008 1.210 0.008 0.585 -0.033
9.870 0.020 0.625 0.007 1.210 0.008 0.585 -0.032
9.890 0.021 0.625 0.006 1.210 0.007 0.585 -0.031
9.910 0.021 0.625 0.006 1.210 0.006 0.585 -0.031
9.930 0.022 0.625 0.005 1.210 0.005 0.585 -0.030
9.950 0.023 0.625 0.004 1.210 0.004 0.585 -0.029
9.970 0.024 0.625 0.003 1.210 0.003 0.585 -0.029
9.990 0.025 0.625 0.002 1.210 0.002 0.585 -0.028
10.010 0.025 0.625 0.002 1.210 0.002 0.585 -0.028
10.020 0.025 0.625 0.002 1.210 0.002 0.585 -0.028
