0.000 -0.000 0.677 -0.000 1.209 0.000 0.533 0.000
0.010 -0.000 0.677 -0.000 1.209 0.000 0.533 0.000
0.030 0.001 0.677 -0.001 1.209 -0.001 0.533 0.000
0.050 0.003 0.677 -0.002 1.209 -0.003 0.533 0.001
0.070 0.005 0.677 -0.004 1.209 -0.005 0.533 0.003
0.090 0.008 0.677 -0.006 1.209 -0.008 0.533 0.004
0.110 0.010 0.677 -0.008 1.209 -0.010 0.533 0.005
0.130 0.012 0.677 -0.010 1.209 -0.012 0.533 0.006
0.150 0.014 0.677 -0.012 1.209 -0.015 0.533 0.007
0.170 0.016 0.677 -0.013 1.209 -0.017 0.533 0.008
0.190 0.018 0.676 -0.015 1.209 -0.019 0.533 0.009
0.210 0.020 0.676 -0.017 1.209 -0.021 0.533 0.011
0.230 0.022 0.676 -0.019 1.209 -0.023 0.533 0.012
0.250 0.025 0.676 -0.020 1.209 -0.025 0.534 0.013
0.270 0.027 0.676 -0.022 1.209 -0.027 0.534 0.014
0.290 0.029 0.676 -0.024 1.209 -0.029 0.534 0.015
0.310 0.031 0.676 -0.025 1.209 -0.031 0.534 0.016
0.330 0.033 0.676 -0.027 1.209 -0.033 0.534 0.017
0.350 0.035 0.675 -0.029 1.209 -0.035 0.535 0.018
0.370 0.037 0.675 -0.030 1.209 -0.037 0.535 0.019
0.390 0.039 0.675 -0.032 1.209 -0.039 0.535 0.020
0.410 0.041 0.675 -0.034 1.209 -0.041 0.535 0.021
0.430 0.043 0.674 -0.035 1.209 -0.043 0.536 0.022
0.450 0.045 0.674 -0.037 1.209 -0.045 0.536 0.023
0.470 0.046 0.674 -0.039 1.209 -0.047 0.536 0.024
0.490 0.048 0.674 -0.040 1.209 -0.049 0.537 0.025
0.510 0.050 0.673 -0.042 1.209 -0.051 0.537 0.026
0.530 0.052 0.673 -0.043 1.209 -0.053 0.537 0.027
0.550 0.054 0.673 -0.045 1.209 -0.055 0.538 0.028
0.570 0.056 0.673 -0.047 1.209 -0.057 0.538 0.029
0.590 0.058 0.672 -0.048 1.209 -0.059 0.539 0.030
0.610 0.060 0.672 -0.050 1.209 -0.061 0.539 0.031
0.630 0.062 0.672 -0.052 1.209 -0.063 0.539 0.032
0.650 0.064 0.671 -0.053 1.209 -0.064 0.540 0.033
0.670 0.066 0.671 -0.055 1.209 -0.066 0.540 0.034
0.690 0.068 0.671 -0.056 1.209 -0.068 0.541 0.035
0.710 0.069 0.670 -0.058 1.209 -0.070 0.541 0.036
0.730 0.071 0.670 -0.060 1.209 -0.072 0.542 0.037
0.750 0.073 0.669 -0.061 1.209 -0.074 0.542 0.038
0.770 0.075 0.669 -0.063 1.209 -0.076 0.543 0.039
0.790 0.077 0.669 -0.064 1.209 -0.077 0.543 0.040
0.810 0.079 0.668 -0.066 1.209 -0.079 0.544 0.041
0.830 0.080 0.668 -0.068 1.209 -0.081 0.544 0.042
0.850 0.082 0.667 -0.069 1.209 -0.083 0.545 0.043
0.870 0.084 0.667 -0.071 1.209 -0.084 0.546 0.044
0.890 0.086 0.666 -0.072 1.209 -0.086 0.546 0.045
0.910 0.087 0.666 -0.074 1.209 -0.088 0.547 0.046
0.930 0.089 0.665 -0.075 1.209 -0.089 0.547 0.047
0.950 0.091 0.665 -0.077 1.209 -0.091 0.548 0.048
0.970 0.092 0.664 -0.078 1.209 -0.093 0.549 0.049
0.990 0.094 0.664 -0.080 1.209 -0.094 0.549 0.050
1.010 0.096 0.663 -0.082 1.209 -0.096 0.550 0.050
1.030 0.097 0.663 -0.083 1.209 -0.098 0.551 0.051
1.050 0.099 0.662 -0.085 1.209 -0.099 0.551 0.052
1.070 0.101 0.661 -0.086 1.209 -0.101 0.552 0.053
1.090 0.102 0.661 -0.087 1.209 -0.102 0.553 0.054
1.110 0.104 0.660 -0.089 1.209 -0.104 0.554 0.055
1.130 0.105 0.660 -0.090 1.209 -0.105 0.554 0.056
1.150 0.107 0.659 -0.092 1.209 -0.107 0.555 0.057
1.170 0.108 0.658 -0.093 1.209 -0.108 0.556 0.058
1.190 0.110 0.658 -0.095 1.209 -0.110 0.557 0.058
1.210 0.112 0.657 -0.096 1.209 -0.111 0.557 0.059
1.230 0.113 0.656 -0.098 1.209 -0.113 0.558 0.060
1.250 0.114 0.656 -0.099 1.209 -0.114 0.559 0.061
1.270 0.116 0.655 -0.100 1.209 -0.115 0.560 0.062
1.290 0.117 0.654 -0.102 1.209 -0.117 0.561 0.063
1.310 0.119 0.654 -0.103 1.209 -0.118 0.561 0.063
1.330 0.120 0.653 -0.105 1.209 -0.119 0.562 0.064
1.350 0.121 0.652 -0.106 1.209 -0.121 0.563 0.065
1.370 0.123 0.652 -0.107 1.209 -0.122 0.564 0.066
1.390 0.124 0.651 -0.109 1.209 -0.123 0.565 0.066
1.410 0.126 0.650 -0.110 1.209 -0.124 0.566 0.067
1.430 0.127 0.649 -0.111 1.209 -0.125 0.567 0.068
1.450 0.128 0.649 -0.113 1.209 -0.127 0.568 0.069
1.470 0.129 0.648 -0.114 1.209 -0.128 0.569 0.069
1.490 0.131 0.647 -0.115 1.209 -0.129 0.569 0.070
1.510 0.132 0.646 -0.116 1.209 -0.130 0.570 0.071
1.530 0.133 0.645 -0.118 1.209 -0.131 0.571 0.072
1.550 0.134 0.645 -0.119 1.209 -0.132 0.572 0.072
1.570 0.135 0.644 -0.120 1.209 -0.133 0.573 0.073
1.590 0.137 0.643 -0.121 1.209 -0.134 0.574 0.074
1.610 0.138 0.642 -0.123 1.209 -0.135 0.575 0.074
1.630 0.139 0.641 -0.124 1.209 -0.136 0.576 0.075
1.650 0.140 0.640 -0.125 1.209 -0.137 0.577 0.076
1.670 0.141 0.639 -0.126 1.209 -0.138 0.578 0.076
1.690 0.142 0.639 -0.127 1.209 -0.139 0.579 0.077
1.710 0.143 0.638 -0.128 1.209 -0.140 0.580 0.077
1.730 0.144 0.637 -0.130 1.209 -0.140 0.581 0.078
1.750 0.145 0.636 -0.131 1.209 -0.141 0.582 0.079
1.770 0.146 0.635 -0.132 1.209 -0.142 0.583 0.079
1.790 0.147 0.634 -0.133 1.209 -0.143 0.584 0.080
1.810 0.148 0.633 -0.134 1.209 -0.143 0.585 0.080
1.830 0.149 0.632 -0.135 1.209 -0.144 0.586 0.081
1.850 0.149 0.631 -0.136 1.209 -0.145 0.587 0.081
1.870 0.150 0.630 -0.137 1.209 -0.145 0.588 0.082
1.890 0.151 0.629 -0.138 1.209 -0.146 0.590 0.082
1.910 0.152 0.628 -0.139 1.209 -0.147 0.591 0.083
1.930 0.153 0.627 -0.140 1.209 -0.147 0.592 0.083
1.950 0.154 0.627 -0.141 1.209 -0.148 0.593 0.084
1.970 0.154 0.626 -0.142 1.209 -0.148 0.594 0.084
1.990 0.155 0.625 -0.143 1.209 -0.149 0.595 0.084
2.010 0.156 0.624 -0.143 1.209 -0.149 0.596 0.085
2.030 0.156 0.623 -0.144 1.209 -0.150 0.597 0.085
2.050 0.157 0.622 -0.145 1.209 -0.150 0.598 0.086
2.070 0.158 0.620 -0.146 1.209 -0.151 0.599 0.086
2.090 0.158 0.619 -0.147 1.209 -0.151 0.600 0.086
2.110 0.159 0.618 -0.148 1.209 -0.151 0.602 0.087
2.130 0.160 0.617 -0.148 1.209 -0.152 0.603 0.087
2.150 0.160 0.616 -0.149 1.209 -0.152 0.604 0.087
2.170 0.161 0.615 -0.150 1.209 -0.152 0.605 0.087
2.190 0.161 0.614 -0.151 1.209 -0.152 0.606 0.088
2.210 0.162 0.613 -0.151 1.209 -0.153 0.607 0.088
2.230 0.162 0.612 -0.152 1.209 -0.153 0.608 0.088
2.250 0.163 0.611 -0.153 1.209 -0.153 0.609 0.088
2.270 0.163 0.610 -0.153 1.209 -0.153 0.610 0.089
2.290 0.163 0.609 -0.154 1.209 -0.153 0.612 0.089
2.310 0.164 0.608 -0.154 1.209 -0.153 0.613 0.089
2.330 0.164 0.607 -0.155 1.209 -0.153 0.614 0.089
2.350 0.165 0.606 -0.155 1.209 -0.153 0.615 0.089
2.370 0.165 0.605 -0.156 1.209 -0.153 0.616 0.089
2.390 0.165 0.603 -0.156 1.209 -0.153 0.617 0.089
2.410 0.165 0.602 -0.157 1.209 -0.153 0.618 0.089
2.430 0.166 0.601 -0.157 1.209 -0.153 0.620 0.089
2.450 0.166 0.600 -0.158 1.209 -0.153 0.621 0.089
2.470 0.166 0.599 -0.158 1.209 -0.153 0.622 0.089
2.490 0.166 0.598 -0.158 1.209 -0.153 0.623 0.089
2.510 0.167 0.597 -0.159 1.209 -0.153 0.624 0.089
2.530 0.167 0.596 -0.159 1.209 -0.153 0.625 0.089
2.550 0.167 0.595 -0.159 1.209 -0.152 0.626 0.089
2.570 0.167 0.593 -0.160 1.209 -0.152 0.627 0.089
2.590 0.167 0.592 -0.160 1.209 -0.152 0.629 0.089
2.610 0.167 0.591 -0.160 1.209 -0.152 0.630 0.089
2.630 0.167 0.590 -0.160 1.209 -0.151 0.631 0.089
2.650 0.167 0.589 -0.161 1.209 -0.151 0.632 0.089
2.670 0.167 0.588 -0.161 1.209 -0.151 0.633 0.088
2.690 0.167 0.587 -0.161 1.209 -0.150 0.634 0.088
2.710 0.167 0.586 -0.161 1.209 -0.150 0.635 0.088
2.730 0.167 0.584 -0.161 1.209 -0.149 0.636 0.088
2.750 0.167 0.583 -0.161 1.209 -0.149 0.637 0.088
2.770 0.167 0.582 -0.161 1.209 -0.148 0.638 0.087
2.790 0.167 0.581 -0.161 1.209 -0.148 0.640 0.087
2.810 0.167 0.580 -0.161 1.209 -0.148 0.641 0.087
2.830 0.167 0.579 -0.161 1.209 -0.147 0.642 0.086
2.850 0.167 0.578 -0.161 1.209 -0.146 0.643 0.086
2.870 0.167 0.577 -0.161 1.209 -0.146 0.644 0.086
2.890 0.166 0.575 -0.161 1.209 -0.145 0.645 0.085
2.910 0.166 0.574 -0.160 1.209 -0.145 0.646 0.085
2.930 0.166 0.573 -0.160 1.209 -0.144 0.647 0.084
2.950 0.166 0.572 -0.160 1.209 -0.143 0.648 0.084
2.970 0.166 0.571 -0.160 1.209 -0.143 0.649 0.083
2.990 0.165 0.570 -0.160 1.209 -0.142 0.650 0.083
3.010 0.165 0.569 -0.159 1.209 -0.141 0.651 0.082
3.030 0.165 0.568 -0.159 1.209 -0.141 0.652 0.082
3.050 0.164 0.567 -0.159 1.209 -0.140 0.653 0.081
3.070 0.164 0.565 -0.158 1.209 -0.139 0.654 0.080
3.090 0.164 0.564 -0.158 1.209 -0.138 0.655 0.080
3.110 0.163 0.563 -0.157 1.209 -0.138 0.656 0.079
3.130 0.163 0.562 -0.157 1.209 -0.137 0.657 0.079
3.150 0.163 0.561 -0.156 1.209 -0.136 0.658 0.078
3.170 0.162 0.560 -0.156 1.209 -0.135 0.659 0.077
3.190 0.162 0.559 -0.155 1.209 -0.134 0.660 0.076
3.210 0.161 0.558 -0.155 1.209 -0.133 0.661 0.076
3.230 0.161 0.557 -0.154 1.209 -0.132 0.662 0.075
3.250 0.160 0.556 -0.154 1.209 -0.131 0.663 0.074
3.270 0.160 0.555 -0.153 1.209 -0.130 0.664 0.073
3.290 0.159 0.554 -0.152 1.209 -0.130 0.665 0.073
3.310 0.159 0.552 -0.152 1.209 -0.129 0.666 0.072
3.330 0.158 0.551 -0.151 1.209 -0.128 0.667 0.071
3.350 0.158 0.550 -0.150 1.209 -0.127 0.668 0.070
3.370 0.157 0.549 -0.149 1.209 -0.126 0.669 0.069
3.390 0.157 0.548 -0.148 1.209 -0.125 0.670 0.068
3.410 0.156 0.547 -0.148 1.209 -0.123 0.671 0.067
3.430 0.156 0.546 -0.147 1.209 -0.122 0.672 0.066
3.450 0.155 0.545 -0.146 1.209 -0.121 0.672 0.065
3.470 0.154 0.544 -0.145 1.209 -0.120 0.673 0.064
3.490 0.154 0.543 -0.144 1.209 -0.119 0.674 0.063
3.510 0.153 0.542 -0.143 1.209 -0.118 0.675 0.062
3.530 0.152 0.541 -0.142 1.209 -0.117 0.676 0.061
3.550 0.152 0.540 -0.141 1.209 -0.116 0.677 0.060
3.570 0.151 0.539 -0.140 1.209 -0.115 0.678 0.059
3.590 0.150 0.538 -0.139 1.209 -0.113 0.678 0.058
3.610 0.150 0.538 -0.138 1.209 -0.112 0.679 0.056
3.630 0.149 0.537 -0.137 1.209 -0.111 0.680 0.055
3.650 0.148 0.536 -0.136 1.209 -0.110 0.681 0.054
3.670 0.148 0.535 -0.134 1.209 -0.109 0.682 0.053
3.690 0.147 0.534 -0.133 1.209 -0.107 0.682 0.051
3.710 0.146 0.533 -0.132 1.209 -0.106 0.683 0.050
3.730 0.145 0.532 -0.131 1.209 -0.105 0.684 0.049
3.750 0.145 0.531 -0.130 1.209 -0.104 0.685 0.048
3.770 0.144 0.530 -0.128 1.209 -0.102 0.685 0.046
3.790 0.143 0.529 -0.127 1.209 -0.101 0.686 0.045
3.810 0.142 0.529 -0.126 1.209 -0.100 0.687 0.044
3.830 0.141 0.528 -0.124 1.209 -0.098 0.688 0.042
3.850 0.141 0.527 -0.123 1.209 -0.097 0.688 0.041
3.870 0.140 0.526 -0.121 1.209 -0.096 0.689 0.039
3.890 0.139 0.525 -0.120 1.209 -0.094 0.690 0.038
3.910 0.138 0.524 -0.119 1.209 -0.093 0.690 0.037
3.930 0.137 0.524 -0.117 1.209 -0.092 0.691 0.035
3.950 0.136 0.523 -0.116 1.209 -0.090 0.692 0.034
3.970 0.136 0.522 -0.114 1.209 -0.089 0.692 0.032
3.990 0.135 0.521 -0.112 1.209 -0.088 0.693 0.031
4.010 0.134 0.521 -0.111 1.209 -0.086 0.693 0.029
4.030 0.133 0.520 -0.109 1.209 -0.085 0.694 0.027
4.050 0.132 0.519 -0.108 1.209 -0.083 0.695 0.026
4.070 0.131 0.518 -0.106 1.209 -0.082 0.695 0.024
4.090 0.130 0.518 -0.104 1.209 -0.081 0.696 0.023
4.110 0.129 0.517 -0.103 1.209 -0.079 0.696 0.021
4.130 0.128 0.516 -0.101 1.209 -0.078 0.697 0.019
4.150 0.127 0.516 -0.099 1.209 -0.076 0.697 0.018
4.170 0.126 0.515 -0.098 1.209 -0.075 0.698 0.016
4.190 0.126 0.514 -0.096 1.209 -0.073 0.698 0.014
4.210 0.125 0.514 -0.094 1.209 -0.072 0.699 0.013
4.230 0.124 0.513 -0.092 1.209 -0.070 0.699 0.011
4.250 0.123 0.512 -0.091 1.209 -0.069 0.700 0.009
4.270 0.122 0.512 -0.089 1.209 -0.068 0.700 0.007
4.290 0.121 0.511 -0.087 1.209 -0.066 0.701 0.006
4.310 0.120 0.511 -0.085 1.209 -0.065 0.701 0.004
4.330 0.119 0.510 -0.083 1.209 -0.063 0.702 0.002
4.350 0.118 0.510 -0.082 1.209 -0.062 0.702 0.000
4.370 0.117 0.509 -0.080 1.209 -0.060 0.703 -0.001
4.390 0.116 0.509 -0.078 1.209 -0.058 0.703 -0.003
4.410 0.115 0.508 -0.076 1.209 -0.057 0.703 -0.005
4.430 0.114 0.508 -0.074 1.209 -0.055 0.704 -0.007
4.450 0.113 0.507 -0.072 1.209 -0.054 0.704 -0.009
4.470 0.112 0.507 -0.070 1.209 -0.052 0.705 -0.011
4.490 0.111 0.506 -0.068 1.209 -0.051 0.705 -0.013
4.510 0.110 0.506 -0.066 1.209 -0.049 0.705 -0.015
4.530 0.109 0.505 -0.064 1.209 -0.048 0.706 -0.016
4.550 0.108 0.505 -0.062 1.209 -0.046 0.706 -0.018
4.570 0.107 0.504 -0.060 1.209 -0.045 0.706 -0.020
4.590 0.106 0.504 -0.058 1.209 -0.043 0.707 -0.022
4.610 0.105 0.504 -0.056 1.209 -0.042 0.707 -0.024
4.630 0.104 0.503 -0.054 1.209 -0.040 0.707 -0.026
4.650 0.103 0.503 -0.052 1.209 -0.038 0.707 -0.028
4.670 0.102 0.503 -0.050 1.209 -0.037 0.708 -0.030
4.690 0.101 0.502 -0.048 1.209 -0.035 0.708 -0.032
4.710 0.100 0.502 -0.046 1.209 -0.034 0.708 -0.034
4.730 0.099 0.502 -0.043 1.209 -0.032 0.708 -0.036
4.750 0.098 0.501 -0.041 1.209 -0.031 0.709 -0.038
4.770 0.096 0.501 -0.039 1.209 -0.029 0.709 -0.040
4.790 0.095 0.501 -0.037 1.209 -0.027 0.709 -0.042
4.810 0.094 0.501 -0.035 1.209 -0.026 0.709 -0.044
4.830 0.093 0.500 -0.033 1.209 -0.024 0.709 -0.046
4.850 0.092 0.500 -0.031 1.209 -0.023 0.710 -0.048
4.870 0.091 0.500 -0.029 1.209 -0.021 0.710 -0.050
4.890 0.090 0.500 -0.026 1.209 -0.019 0.710 -0.052
4.910 0.089 0.500 -0.024 1.209 -0.018 0.710 -0.054
4.930 0.088 0.500 -0.022 1.209 -0.016 0.710 -0.056
4.950 0.087 0.499 -0.020 1.209 -0.015 0.710 -0.058
4.970 0.086 0.499 -0.018 1.209 -0.013 0.710 -0.060
4.990 0.085 0.499 -0.016 1.209 -0.011 0.710 -0.063
5.010 0.084 0.499 -0.013 1.209 -0.010 0.710 -0.065
5.030 0.083 0.499 -0.011 1.209 -0.008 0.711 -0.067
5.050 0.082 0.499 -0.009 1.209 -0.007 0.711 -0.069
5.070 0.081 0.499 -0.007 1.209 -0.005 0.711 -0.071
5.090 0.080 0.499 -0.005 1.209 -0.003 0.711 -0.073
5.110 0.079 0.499 -0.003 1.209 -0.002 0.711 -0.075
5.130 0.077 0.499 -0.000 1.209 -0.000 0.711 -0.077
5.150 0.076 0.499 0.002 1.209 0.001 0.711 -0.079
5.170 0.075 0.499 0.004 1.209 0.003 0.711 -0.081
5.190 0.074 0.499 0.006 1.209 0.005 0.711 -0.083
5.210 0.073 0.499 0.008 1.209 0.006 0.711 -0.085
5.230 0.072 0.499 0.011 1.209 0.008 0.711 -0.087
5.250 0.071 0.499 0.013 1.209 0.009 0.710 -0.089
5.270 0.070 0.499 0.015 1.209 0.011 0.710 -0.092
5.290 0.069 0.499 0.017 1.209 0.013 0.710 -0.094
5.310 0.068 0.499 0.019 1.209 0.014 0.710 -0.096
5.330 0.067 0.500 0.021 1.209 0.016 0.710 -0.098
5.350 0.066 0.500 0.024 1.209 0.017 0.710 -0.100
5.370 0.065 0.500 0.026 1.209 0.019 0.710 -0.102
5.390 0.064 0.500 0.028 1.209 0.021 0.710 -0.104
5.410 0.063 0.500 0.030 1.209 0.022 0.710 -0.106
5.430 0.062 0.500 0.032 1.209 0.024 0.709 -0.108
5.450 0.061 0.501 0.034 1.209 0.025 0.709 -0.110
5.470 0.060 0.501 0.036 1.209 0.027 0.709 -0.112
5.490 0.059 0.501 0.039 1.209 0.028 0.709 -0.114
5.510 0.057 0.501 0.041 1.209 0.030 0.709 -0.116
5.530 0.056 0.502 0.043 1.209 0.032 0.708 -0.118
5.550 0.055 0.502 0.045 1.209 0.033 0.708 -0.120
5.570 0.054 0.502 0.047 1.209 0.035 0.708 -0.122
5.590 0.053 0.503 0.049 1.209 0.036 0.708 -0.124
5.610 0.052 0.503 0.051 1.209 0.038 0.708 -0.126
5.630 0.051 0.503 0.053 1.209 0.040 0.707 -0.128
5.650 0.050 0.504 0.055 1.209 0.041 0.707 -0.130
5.670 0.049 0.504 0.057 1.209 0.043 0.707 -0.132
5.690 0.048 0.504 0.059 1.209 0.044 0.706 -0.134
5.710 0.047 0.505 0.061 1.209 0.046 0.706 -0.136
5.730 0.046 0.505 0.063 1.209 0.047 0.706 -0.138
5.750 0.045 0.506 0.065 1.209 0.049 0.705 -0.140
5.770 0.044 0.506 0.067 1.209 0.050 0.705 -0.142
5.790 0.043 0.506 0.069 1.209 0.052 0.705 -0.143
5.810 0.042 0.507 0.071 1.209 0.053 0.704 -0.145
5.830 0.041 0.507 0.073 1.209 0.055 0.704 -0.147
5.850 0.040 0.508 0.075 1.209 0.056 0.704 -0.149
5.870 0.039 0.508 0.077 1.209 0.058 0.703 -0.151
5.890 0.038 0.509 0.079 1.209 0.060 0.703 -0.153
5.910 0.037 0.509 0.081 1.209 0.061 0.702 -0.155
5.930 0.036 0.510 0.083 1.209 0.063 0.702 -0.156
5.950 0.035 0.510 0.085 1.209 0.064 0.702 -0.158
5.970 0.034 0.511 0.086 1.209 0.066 0.701 -0.160
5.990 0.033 0.512 0.088 1.209 0.067 0.701 -0.162
6.010 0.032 0.512 0.090 1.209 0.069 0.700 -0.164
6.030 0.032 0.513 0.092 1.209 0.070 0.700 -0.165
6.050 0.031 0.513 0.094 1.209 0.071 0.699 -0.167
6.070 0.030 0.514 0.095 1.209 0.073 0.699 -0.169
6.090 0.029 0.515 0.097 1.209 0.074 0.698 -0.170
6.110 0.028 0.515 0.099 1.209 0.076 0.698 -0.172
6.130 0.027 0.516 0.101 1.209 0.077 0.697 -0.174
6.150 0.026 0.517 0.102 1.209 0.079 0.697 -0.175
6.170 0.025 0.517 0.104 1.209 0.080 0.696 -0.177
6.190 0.024 0.518 0.106 1.209 0.082 0.695 -0.179
6.210 0.023 0.519 0.107 1.209 0.083 0.695 -0.180
6.230 0.022 0.520 0.109 1.209 0.084 0.694 -0.182
6.250 0.022 0.520 0.110 1.209 0.086 0.694 -0.183
6.270 0.021 0.521 0.112 1.209 0.087 0.693 -0.185
6.290 0.020 0.522 0.114 1.209 0.089 0.692 -0.187
6.310 0.019 0.523 0.115 1.209 0.090 0.692 -0.188
6.330 0.018 0.523 0.117 1.209 0.091 0.691 -0.190
6.350 0.017 0.524 0.118 1.209 0.093 0.690 -0.191
6.370 0.016 0.525 0.119 1.209 0.094 0.690 -0.193
6.390 0.016 0.526 0.121 1.209 0.095 0.689 -0.194
6.410 0.015 0.527 0.122 1.209 0.097 0.688 -0.195
6.430 0.014 0.527 0.124 1.209 0.098 0.688 -0.197
6.450 0.013 0.528 0.125 1.209 0.099 0.687 -0.198
6.470 0.012 0.529 0.126 1.209 0.101 0.686 -0.200
6.490 0.012 0.530 0.128 1.209 0.102 0.686 -0.201
6.510 0.011 0.531 0.129 1.209 0.103 0.685 -0.202
6.530 0.010 0.532 0.130 1.209 0.104 0.684 -0.204
6.550 0.009 0.533 0.132 1.209 0.106 0.683 -0.205
6.570 0.009 0.533 0.133 1.209 0.107 0.683 -0.206
6.590 0.008 0.534 0.134 1.209 0.108 0.682 -0.207
6.610 0.007 0.535 0.135 1.209 0.109 0.681 -0.209
6.630 0.006 0.536 0.136 1.209 0.111 0.680 -0.210
6.650 0.006 0.537 0.137 1.209 0.112 0.680 -0.211
6.670 0.005 0.538 0.139 1.209 0.113 0.679 -0.212
6.690 0.004 0.539 0.140 1.209 0.114 0.678 -0.213
6.710 0.004 0.540 0.141 1.209 0.115 0.677 -0.215
6.730 0.003 0.541 0.142 1.209 0.116 0.676 -0.216
6.750 0.002 0.542 0.143 1.209 0.118 0.675 -0.217
6.770 0.002 0.543 0.144 1.209 0.119 0.675 -0.218
6.790 0.001 0.544 0.145 1.209 0.120 0.674 -0.219
6.810 0.000 0.545 0.146 1.209 0.121 0.673 -0.220
6.830 -0.000 0.546 0.146 1.209 0.122 0.672 -0.221
6.850 -0.001 0.547 0.147 1.209 0.123 0.671 -0.222
6.870 -0.001 0.548 0.148 1.209 0.124 0.670 -0.223
6.890 -0.002 0.549 0.149 1.209 0.125 0.669 -0.224
6.910 -0.002 0.550 0.150 1.209 0.126 0.668 -0.225
6.930 -0.003 0.551 0.151 1.209 0.127 0.667 -0.226
6.950 -0.003 0.552 0.151 1.209 0.128 0.666 -0.227
6.970 -0.004 0.553 0.152 1.209 0.129 0.666 -0.228
6.990 -0.004 0.554 0.153 1.209 0.130 0.665 -0.228
7.010 -0.005 0.555 0.153 1.209 0.131 0.664 -0.229
7.030 -0.005 0.556 0.154 1.209 0.132 0.663 -0.230
7.050 -0.006 0.557 0.155 1.209 0.133 0.662 -0.231
7.070 -0.006 0.558 0.155 1.209 0.134 0.661 -0.232
7.090 -0.007 0.560 0.156 1.209 0.135 0.660 -0.232
7.110 -0.007 0.561 0.156 1.209 0.136 0.659 -0.233
7.130 -0.007 0.562 0.157 1.209 0.136 0.658 -0.234
7.150 -0.008 0.563 0.157 1.209 0.137 0.657 -0.234
7.170 -0.008 0.564 0.158 1.209 0.138 0.656 -0.235
7.190 -0.009 0.565 0.158 1.209 0.139 0.655 -0.236
7.210 -0.009 0.566 0.158 1.209 0.140 0.654 -0.236
7.230 -0.009 0.567 0.159 1.209 0.140 0.653 -0.237
7.250 -0.009 0.568 0.159 1.209 0.141 0.652 -0.237
7.270 -0.010 0.569 0.159 1.209 0.142 0.651 -0.238
7.290 -0.010 0.571 0.160 1.209 0.142 0.650 -0.238
7.310 -0.010 0.572 0.160 1.209 0.143 0.649 -0.239
7.330 -0.011 0.573 0.160 1.209 0.144 0.648 -0.239
7.350 -0.011 0.574 0.160 1.209 0.144 0.646 -0.240
7.370 -0.011 0.575 0.161 1.209 0.145 0.645 -0.240
7.390 -0.011 0.576 0.161 1.209 0.146 0.644 -0.241
7.410 -0.011 0.577 0.161 1.209 0.146 0.643 -0.241
7.430 -0.011 0.578 0.161 1.209 0.147 0.642 -0.242
7.450 -0.012 0.580 0.161 1.209 0.147 0.641 -0.242
7.470 -0.012 0.581 0.161 1.209 0.148 0.640 -0.242
7.490 -0.012 0.582 0.161 1.209 0.148 0.639 -0.243
7.510 -0.012 0.583 0.161 1.209 0.149 0.638 -0.243
7.530 -0.012 0.584 0.161 1.209 0.149 0.637 -0.243
7.550 -0.012 0.585 0.161 1.209 0.150 0.636 -0.243
7.570 -0.012 0.586 0.161 1.209 0.150 0.634 -0.244
7.590 -0.012 0.587 0.161 1.209 0.150 0.633 -0.244
7.610 -0.012 0.589 0.161 1.209 0.151 0.632 -0.244
7.630 -0.012 0.590 0.160 1.209 0.151 0.631 -0.244
7.650 -0.012 0.591 0.160 1.209 0.151 0.630 -0.244
7.670 -0.012 0.592 0.160 1.209 0.152 0.629 -0.244
7.690 -0.012 0.593 0.160 1.209 0.152 0.628 -0.245
7.710 -0.011 0.594 0.160 1.209 0.152 0.627 -0.245
7.730 -0.011 0.595 0.159 1.209 0.152 0.626 -0.245
7.750 -0.011 0.596 0.159 1.209 0.153 0.624 -0.245
7.770 -0.011 0.598 0.159 1.209 0.153 0.623 -0.245
7.790 -0.011 0.599 0.158 1.209 0.153 0.622 -0.245
7.810 -0.011 0.600 0.158 1.209 0.153 0.621 -0.245
7.830 -0.010 0.601 0.157 1.209 0.153 0.620 -0.245
7.850 -0.010 0.602 0.157 1.209 0.153 0.619 -0.245
7.870 -0.010 0.603 0.157 1.209 0.153 0.618 -0.245
7.890 -0.010 0.604 0.156 1.209 0.153 0.617 -0.245
7.910 -0.009 0.605 0.156 1.209 0.153 0.615 -0.245
7.930 -0.009 0.606 0.155 1.209 0.153 0.614 -0.244
7.950 -0.009 0.607 0.155 1.209 0.153 0.613 -0.244
7.970 -0.008 0.609 0.154 1.209 0.153 0.612 -0.244
7.990 -0.008 0.610 0.153 1.209 0.153 0.611 -0.244
8.010 -0.007 0.611 0.153 1.209 0.153 0.610 -0.244
8.030 -0.007 0.612 0.152 1.209 0.153 0.609 -0.244
8.050 -0.006 0.613 0.151 1.209 0.153 0.608 -0.243
8.070 -0.006 0.614 0.151 1.209 0.152 0.606 -0.243
8.090 -0.005 0.615 0.150 1.209 0.152 0.605 -0.243
8.110 -0.005 0.616 0.149 1.209 0.152 0.604 -0.243
8.130 -0.004 0.617 0.149 1.209 0.152 0.603 -0.242
8.150 -0.004 0.618 0.148 1.209 0.151 0.602 -0.242
8.170 -0.003 0.619 0.147 1.209 0.151 0.601 -0.242
8.190 -0.003 0.620 0.146 1.209 0.151 0.600 -0.241
8.210 -0.002 0.621 0.145 1.209 0.150 0.599 -0.241
8.230 -0.001 0.622 0.145 1.209 0.150 0.598 -0.241
8.250 -0.001 0.623 0.144 1.209 0.149 0.596 -0.240
8.270 0.000 0.624 0.143 1.209 0.149 0.595 -0.240
8.290 0.001 0.625 0.142 1.209 0.148 0.594 -0.240
8.310 0.001 0.626 0.141 1.209 0.148 0.593 -0.239
8.330 0.002 0.627 0.140 1.209 0.147 0.592 -0.239
8.350 0.003 0.628 0.139 1.209 0.147 0.591 -0.238
8.370 0.004 0.629 0.138 1.209 0.146 0.590 -0.238
8.390 0.005 0.630 0.137 1.209 0.146 0.589 -0.237
8.410 0.005 0.631 0.136 1.209 0.145 0.588 -0.237
8.430 0.006 0.632 0.135 1.209 0.144 0.587 -0.236
8.450 0.007 0.633 0.134 1.209 0.144 0.586 -0.236
8.470 0.008 0.634 0.133 1.209 0.143 0.585 -0.235
8.490 0.009 0.635 0.132 1.209 0.142 0.584 -0.235
8.510 0.010 0.636 0.131 1.209 0.141 0.583 -0.234
8.530 0.011 0.637 0.130 1.209 0.141 0.582 -0.233
8.550 0.012 0.637 0.129 1.209 0.140 0.581 -0.233
8.570 0.013 0.638 0.128 1.209 0.139 0.579 -0.232
8.590 0.014 0.639 0.127 1.209 0.138 0.578 -0.232
8.610 0.015 0.640 0.125 1.209 0.137 0.577 -0.231
8.630 0.016 0.641 0.124 1.209 0.136 0.576 -0.230
8.650 0.017 0.642 0.123 1.209 0.135 0.576 -0.230
8.670 0.018 0.643 0.122 1.209 0.134 0.575 -0.229
8.690 0.019 0.643 0.121 1.209 0.133 0.574 -0.228
8.710 0.021 0.644 0.119 1.209 0.132 0.573 -0.228
8.730 0.022 0.645 0.118 1.209 0.131 0.572 -0.227
8.750 0.023 0.646 0.117 1.209 0.130 0.571 -0.226
8.770 0.024 0.647 0.116 1.209 0.129 0.570 -0.226
8.790 0.025 0.647 0.114 1.209 0.128 0.569 -0.225
8.810 0.027 0.648 0.113 1.209 0.127 0.568 -0.224
8.830 0.028 0.649 0.112 1.209 0.126 0.567 -0.223
8.850 0.029 0.650 0.110 1.209 0.125 0.566 -0.223
8.870 0.030 0.651 0.109 1.209 0.123 0.565 -0.222
8.890 0.032 0.651 0.108 1.209 0.122 0.564 -0.221
8.910 0.033 0.652 0.106 1.209 0.121 0.563 -0.220
8.930 0.034 0.653 0.105 1.209 0.120 0.563 -0.219
8.950 0.036 0.653 0.104 1.209 0.118 0.562 -0.219
8.970 0.037 0.654 0.102 1.209 0.117 0.561 -0.218
8.990 0.039 0.655 0.101 1.209 0.116 0.560 -0.217
9.010 0.040 0.656 0.100 1.209 0.114 0.559 -0.216
9.030 0.042 0.656 0.098 1.209 0.113 0.558 -0.215
9.050 0.043 0.657 0.097 1.209 0.112 0.558 -0.215
9.070 0.045 0.658 0.095 1.209 0.110 0.557 -0.214
9.090 0.046 0.658 0.094 1.209 0.109 0.556 -0.213
9.110 0.048 0.659 0.092 1.209 0.107 0.555 -0.212
9.130 0.049 0.659 0.091 1.209 0.106 0.555 -0.211
9.150 0.051 0.660 0.089 1.209 0.104 0.554 -0.210
9.170 0.052 0.661 0.088 1.209 0.103 0.553 -0.209
9.190 0.054 0.661 0.087 1.209 0.101 0.552 -0.208
9.210 0.055 0.662 0.085 1.209 0.100 0.552 -0.208
9.230 0.057 0.662 0.084 1.209 0.098 0.551 -0.207
9.250 0.059 0.663 0.082 1.209 0.097 0.550 -0.206
9.270 0.060 0.663 0.080 1.209 0.095 0.550 -0.205
9.290 0.062 0.664 0.079 1.209 0.093 0.549 -0.204
9.310 0.064 0.665 0.077 1.209 0.092 0.548 -0.203
9.330 0.065 0.665 0.076 1.209 0.090 0.548 -0.202
9.350 0.067 0.666 0.074 1.209 0.088 0.547 -0.201
9.370 0.069 0.666 0.073 1.209 0.087 0.546 -0.200
9.390 0.070 0.667 0.071 1.209 0.085 0.546 -0.199
9.410 0.072 0.667 0.070 1.209 0.083 0.545 -0.198
9.430 0.074 0.667 0.068 1.209 0.081 0.545 -0.197
9.450 0.076 0.668 0.067 1.209 0.080 0.544 -0.196
9.470 0.078 0.668 0.065 1.209 0.078 0.543 -0.195
9.490 0.079 0.669 0.063 1.209 0.076 0.543 -0.194
9.510 0.081 0.669 0.062 1.209 0.074 0.542 -0.193
9.530 0.083 0.670 0.060 1.209 0.072 0.542 -0.192
9.550 0.085 0.670 0.059 1.209 0.071 0.541 -0.191
9.570 0.087 0.670 0.057 1.209 0.069 0.541 -0.190
9.590 0.089 0.671 0.055 1.209 0.067 0.540 -0.189
9.610 0.090 0.671 0.054 1.209 0.065 0.540 -0.188
9.630 0.092 0.671 0.052 1.209 0.063 0.540 -0.187
9.650 0.094 0.672 0.051 1.209 0.061 0.539 -0.186
9.670 0.096 0.672 0.049 1.209 0.059 0.539 -0.185
9.690 0.098 0.672 0.047 1.209 0.057 0.538 -0.184
9.710 0.100 0.673 0.046 1.209 0.055 0.538 -0.183
9.730 0.102 0.673 0.044 1.209 0.054 0.537 -0.182
9.750 0.104 0.673 0.042 1.209 0.052 0.537 -0.181
9.770 0.106 0.674 0.041 1.209 0.050 0.537 -0.180
9.790 0.108 0.674 0.039 1.209 0.048 0.536 -0.179
9.810 0.110 0.674 0.037 1.209 0.046 0.536 -0.178
9.830 0.112 0.674 0.036 1.209 0.044 0.536 -0.177
9.850 0.114 0.675 0.034 1.209 0.042 0.535 -0.176
9.870 0.116 0.675 0.032 1.209 0.040 0.535 -0.175
9.890 0.118 0.675 0.031 1.209 0.038 0.535 -0.174
9.910 0.119 0.675 0.029 1.209 0.036 0.535 -0.173
9.930 0.122 0.675 0.027 1.209 0.033 0.534 -0.172
9.950 0.125 0.676 0.025 1.209 0.031 0.534 -0.170
9.970 0.127 0.676 0.023 1.209 0.028 0.534 -0.169
9.990 0.129 0.676 0.021 1.209 0.026 0.534 -0.168
10.010 0.130 0.676 0.021 1.209 0.025 0.534 -0.168
10.020 0.130 0.676 0.021 1.209 0.025 0.534 -0.168
