0.000 0.000 0.000 0.000 0.000 0.000 0.000
0.000 0.000 0.000 0.000 0.000 0.000 0.000
0.034 -0.001 -0.041 0.000 -0.042 0.001 0.028
0.057 -0.001 -0.068 0.000 -0.069 0.001 0.046
0.067 -0.002 -0.080 0.000 -0.082 0.002 0.054
0.065 -0.002 -0.078 0.000 -0.080 0.002 0.053
0.052 -0.002 -0.062 0.000 -0.063 0.002 0.042
0.051 -0.003 -0.061 -0.000 -0.062 0.003 0.041
0.051 -0.004 -0.061 -0.000 -0.062 0.004 0.041
0.051 -0.004 -0.060 -0.000 -0.062 0.004 0.041
0.050 -0.005 -0.060 -0.000 -0.062 0.005 0.041
0.050 -0.005 -0.060 -0.000 -0.062 0.005 0.041
0.050 -0.005 -0.060 0.000 -0.062 0.006 0.041
0.050 -0.006 -0.060 0.000 -0.062 0.006 0.041
0.050 -0.006 -0.060 0.000 -0.061 0.007 0.041
0.050 -0.007 -0.060 0.000 -0.061 0.007 0.041
0.050 -0.007 -0.060 0.000 -0.061 0.008 0.041
0.050 -0.008 -0.060 0.000 -0.061 0.008 0.041
0.050 -0.008 -0.060 0.000 -0.061 0.009 0.040
0.049 -0.009 -0.059 0.000 -0.061 0.010 0.040
0.049 -0.009 -0.059 0.000 -0.060 0.010 0.040
0.049 -0.010 -0.059 0.000 -0.060 0.010 0.040
0.049 -0.010 -0.059 0.000 -0.060 0.011 0.040
0.049 -0.011 -0.059 0.000 -0.060 0.012 0.040
0.049 -0.011 -0.059 0.000 -0.059 0.012 0.040
0.048 -0.012 -0.058 0.000 -0.059 0.013 0.040
0.048 -0.012 -0.058 0.000 -0.059 0.013 0.039
0.048 -0.013 -0.058 -0.000 -0.059 0.013 0.039
0.048 -0.013 -0.058 -0.000 -0.058 0.014 0.039
0.048 -0.014 -0.057 -0.000 -0.058 0.015 0.039
0.047 -0.014 -0.057 -0.000 -0.058 0.015 0.039
0.047 -0.014 -0.057 -0.000 -0.057 0.015 0.039
0.047 -0.015 -0.057 0.000 -0.057 0.016 0.038
0.047 -0.015 -0.056 0.000 -0.057 0.016 0.038
0.046 -0.016 -0.056 0.000 -0.057 0.017 0.038
0.046 -0.016 -0.056 0.000 -0.056 0.017 0.038
0.046 -0.017 -0.056 0.000 -0.056 0.018 0.038
0.046 -0.017 -0.055 0.000 -0.055 0.018 0.037
0.045 -0.018 -0.055 0.000 -0.055 0.019 0.037
0.045 -0.018 -0.055 0.000 -0.055 0.019 0.037
0.045 -0.019 -0.054 0.000 -0.054 0.020 0.037
0.044 -0.019 -0.054 0.000 -0.054 0.020 0.036
0.044 -0.019 -0.054 0.000 -0.053 0.021 0.036
0.044 -0.020 -0.053 0.000 -0.053 0.021 0.036
0.043 -0.020 -0.053 0.000 -0.053 0.022 0.036
0.043 -0.021 -0.053 0.000 -0.052 0.022 0.035
0.043 -0.021 -0.052 0.000 -0.052 0.022 0.035
0.042 -0.022 -0.052 0.000 -0.051 0.023 0.035
0.042 -0.022 -0.052 0.000 -0.051 0.023 0.035
0.042 -0.022 -0.051 0.000 -0.050 0.024 0.034
0.041 -0.023 -0.051 0.000 -0.050 0.024 0.034
0.041 -0.023 -0.050 0.000 -0.049 0.025 0.034
0.041 -0.024 -0.050 -0.000 -0.049 0.025 0.033
0.040 -0.024 -0.050 -0.000 -0.048 0.025 0.033
0.040 -0.024 -0.049 -0.000 -0.048 0.026 0.033
0.039 -0.025 -0.049 -0.000 -0.047 0.026 0.033
0.039 -0.025 -0.048 -0.000 -0.047 0.027 0.032
0.039 -0.026 -0.048 0.000 -0.046 0.027 0.032
0.038 -0.026 -0.047 0.000 -0.046 0.027 0.032
0.038 -0.026 -0.047 0.000 -0.045 0.028 0.031
0.037 -0.027 -0.046 0.000 -0.045 0.028 0.031
0.037 -0.027 -0.046 0.000 -0.044 0.029 0.031
0.036 -0.027 -0.045 -0.000 -0.043 0.029 0.030
0.036 -0.028 -0.045 -0.000 -0.043 0.029 0.030
0.036 -0.028 -0.045 -0.000 -0.042 0.030 0.029
0.035 -0.029 -0.044 -0.000 -0.042 0.030 0.029
0.035 -0.029 -0.043 -0.000 -0.041 0.030 0.029
0.034 -0.029 -0.043 0.000 -0.040 0.031 0.028
0.034 -0.030 -0.042 0.000 -0.040 0.031 0.028
0.033 -0.030 -0.042 0.000 -0.039 0.032 0.028
0.033 -0.030 -0.041 0.000 -0.039 0.032 0.027
0.032 -0.031 -0.041 0.000 -0.038 0.032 0.027
0.032 -0.031 -0.040 -0.000 -0.037 0.032 0.026
0.031 -0.031 -0.040 -0.000 -0.037 0.033 0.026
0.031 -0.032 -0.039 -0.000 -0.036 0.033 0.026
0.030 -0.032 -0.039 -0.000 -0.036 0.033 0.025
0.030 -0.032 -0.038 -0.000 -0.035 0.034 0.025
0.029 -0.033 -0.037 -0.000 -0.034 0.034 0.024
0.029 -0.033 -0.037 -0.000 -0.034 0.034 0.024
0.028 -0.033 -0.036 -0.000 -0.033 0.035 0.023
0.028 -0.033 -0.036 -0.000 -0.032 0.035 0.023
0.027 -0.034 -0.035 -0.000 -0.031 0.035 0.022
0.027 -0.034 -0.034 -0.000 -0.031 0.035 0.022
0.026 -0.034 -0.034 -0.000 -0.030 0.036 0.022
0.026 -0.035 -0.033 -0.000 -0.029 0.036 0.021
0.025 -0.035 -0.033 -0.000 -0.029 0.036 0.021
0.025 -0.035 -0.032 -0.000 -0.028 0.036 0.020
0.024 -0.035 -0.031 -0.000 -0.027 0.037 0.020
0.023 -0.036 -0.031 -0.000 -0.027 0.037 0.019
0.023 -0.036 -0.030 -0.000 -0.026 0.037 0.019
0.022 -0.036 -0.029 -0.000 -0.025 0.037 0.018
0.022 -0.036 -0.029 -0.000 -0.024 0.038 0.018
0.021 -0.037 -0.028 -0.000 -0.024 0.038 0.017
0.021 -0.037 -0.027 -0.000 -0.023 0.038 0.017
0.020 -0.037 -0.027 -0.000 -0.022 0.038 0.016
0.020 -0.037 -0.026 -0.000 -0.022 0.038 0.016
0.019 -0.037 -0.025 -0.000 -0.021 0.039 0.015
0.018 -0.038 -0.024 0.000 -0.020 0.039 0.015
0.018 -0.038 -0.024 0.000 -0.019 0.039 0.014
0.017 -0.038 -0.023 0.000 -0.019 0.039 0.014
0.017 -0.038 -0.022 0.000 -0.018 0.039 0.013
0.016 -0.038 -0.022 0.000 -0.017 0.039 0.013
0.015 -0.039 -0.021 0.000 -0.016 0.039 0.012
0.015 -0.039 -0.020 -0.000 -0.016 0.040 0.012
0.015 -0.039 -0.020 -0.000 -0.015 0.040 0.011
0.014 -0.039 -0.019 -0.000 -0.014 0.040 0.011
0.013 -0.039 -0.018 -0.000 -0.013 0.040 0.010
0.013 -0.039 -0.017 -0.000 -0.012 0.040 0.009
0.012 -0.040 -0.016 -0.000 -0.012 0.040 0.009
0.012 -0.040 -0.016 -0.000 -0.011 0.040 0.009
0.011 -0.040 -0.015 -0.000 -0.010 0.040 0.008
0.010 -0.040 -0.014 -0.000 -0.009 0.040 0.007
0.010 -0.040 -0.013 -0.000 -0.008 0.041 0.007
0.009 -0.040 -0.013 -0.000 -0.008 0.041 0.006
0.009 -0.040 -0.012 -0.000 -0.007 0.041 0.006
0.008 -0.040 -0.011 -0.000 -0.007 0.041 0.005
0.007 -0.040 -0.010 -0.000 -0.006 0.041 0.005
0.007 -0.040 -0.009 -0.000 -0.004 0.041 0.004
0.006 -0.041 -0.009 -0.000 -0.004 0.041 0.004
0.006 -0.041 -0.008 -0.000 -0.004 0.041 0.003
0.005 -0.041 -0.008 -0.000 -0.003 0.041 0.003
0.004 -0.041 -0.006 -0.000 -0.002 0.041 0.002
0.003 -0.041 -0.005 -0.000 -0.000 0.041 0.000
0.003 -0.041 -0.005 -0.000 0.000 0.041 -0.000
0.003 -0.041 -0.005 -0.000 0.001 0.041 -0.000
0.002 -0.041 -0.004 -0.000 0.001 0.041 -0.000
0.002 -0.041 -0.003 -0.000 0.001 0.041 -0.001
0.000 -0.041 -0.001 -0.000 0.002 0.041 -0.001
-0.000 -0.041 0.000 -0.000 0.003 0.041 -0.002
-0.000 -0.041 0.000 -0.000 0.004 0.041 -0.003
-0.001 -0.041 0.000 -0.000 0.005 0.041 -0.004
-0.001 -0.041 0.001 -0.000 0.006 0.041 -0.004
-0.001 -0.041 0.001 -0.000 0.006 0.041 -0.004
-0.002 -0.041 0.002 -0.000 0.007 0.041 -0.005
-0.003 -0.041 0.004 -0.000 0.008 0.041 -0.006
-0.004 -0.041 0.005 -0.000 0.009 0.041 -0.007
-0.004 -0.041 0.006 -0.000 0.010 0.040 -0.007
-0.005 -0.041 0.006 -0.000 0.010 0.040 -0.007
-0.005 -0.041 0.007 -0.000 0.011 0.040 -0.008
-0.006 -0.041 0.008 -0.000 0.012 0.040 -0.009
-0.007 -0.041 0.009 -0.000 0.013 0.040 -0.009
-0.007 -0.040 0.010 -0.000 0.013 0.040 -0.010
-0.007 -0.040 0.010 -0.000 0.014 0.040 -0.010
-0.008 -0.040 0.011 0.000 0.014 0.040 -0.011
-0.009 -0.040 0.012 0.000 0.015 0.040 -0.012
-0.009 -0.040 0.013 0.000 0.016 0.039 -0.012
-0.010 -0.040 0.014 0.000 0.017 0.039 -0.013
-0.010 -0.040 0.014 0.000 0.017 0.039 -0.013
-0.011 -0.040 0.015 -0.000 0.018 0.039 -0.014
-0.011 -0.040 0.016 -0.000 0.019 0.039 -0.015
-0.012 -0.040 0.017 -0.000 0.020 0.039 -0.015
-0.012 -0.039 0.017 -0.000 0.020 0.038 -0.016
-0.013 -0.039 0.018 -0.000 0.021 0.038 -0.016
-0.013 -0.039 0.019 0.000 0.021 0.038 -0.017
-0.014 -0.039 0.020 0.000 0.022 0.038 -0.017
-0.015 -0.039 0.021 0.000 0.023 0.038 -0.018
-0.015 -0.039 0.021 0.000 0.024 0.038 -0.019
-0.015 -0.038 0.022 0.000 0.024 0.037 -0.019
-0.016 -0.038 0.023 -0.000 0.025 0.037 -0.020
-0.017 -0.038 0.024 -0.000 0.026 0.037 -0.020
-0.017 -0.038 0.024 -0.000 0.026 0.037 -0.021
-0.018 -0.038 0.025 -0.000 0.027 0.036 -0.021
-0.018 -0.037 0.026 -0.000 0.027 0.036 -0.022
-0.018 -0.037 0.027 -0.000 0.028 0.036 -0.022
-0.019 -0.037 0.027 -0.000 0.029 0.036 -0.023
-0.020 -0.037 0.028 -0.000 0.029 0.036 -0.024
-0.020 -0.037 0.029 -0.000 0.030 0.035 -0.024
-0.020 -0.036 0.030 -0.000 0.031 0.035 -0.025
-0.021 -0.036 0.030 -0.000 0.031 0.035 -0.025
-0.021 -0.036 0.031 -0.000 0.032 0.034 -0.026
-0.022 -0.036 0.032 -0.000 0.032 0.034 -0.026
-0.022 -0.035 0.033 -0.000 0.033 0.034 -0.027
-0.023 -0.035 0.033 -0.000 0.034 0.034 -0.027
-0.023 -0.035 0.034 -0.000 0.034 0.033 -0.028
-0.024 -0.034 0.035 -0.000 0.035 0.033 -0.028
-0.024 -0.034 0.035 -0.000 0.035 0.033 -0.029
-0.025 -0.034 0.036 -0.000 0.036 0.032 -0.029
-0.025 -0.034 0.037 -0.000 0.036 0.032 -0.030
-0.025 -0.033 0.037 -0.000 0.037 0.032 -0.030
-0.026 -0.033 0.038 -0.000 0.037 0.031 -0.031
-0.026 -0.033 0.039 -0.000 0.038 0.031 -0.031
-0.027 -0.032 0.040 -0.000 0.039 0.031 -0.032
-0.027 -0.032 0.040 -0.000 0.039 0.030 -0.032
-0.027 -0.032 0.041 0.000 0.040 0.030 -0.033
-0.028 -0.031 0.042 0.000 0.040 0.030 -0.033
-0.028 -0.031 0.042 0.000 0.041 0.029 -0.034
-0.029 -0.031 0.043 0.000 0.041 0.029 -0.034
-0.029 -0.030 0.043 0.000 0.042 0.029 -0.035
-0.029 -0.030 0.044 -0.000 0.042 0.028 -0.035
-0.030 -0.030 0.045 -0.000 0.043 0.028 -0.036
-0.030 -0.029 0.045 -0.000 0.043 0.028 -0.036
-0.030 -0.029 0.046 -0.000 0.044 0.027 -0.037
-0.031 -0.028 0.047 -0.000 0.044 0.027 -0.037
-0.031 -0.028 0.047 0.000 0.044 0.026 -0.037
-0.031 -0.028 0.048 0.000 0.045 0.026 -0.038
-0.032 -0.027 0.048 0.000 0.045 0.026 -0.038
-0.032 -0.027 0.049 0.000 0.046 0.025 -0.039
-0.032 -0.026 0.049 0.000 0.046 0.025 -0.039
-0.033 -0.026 0.050 0.000 0.047 0.025 -0.039
-0.033 -0.026 0.050 0.000 0.047 0.024 -0.040
-0.033 -0.025 0.051 0.000 0.047 0.024 -0.040
-0.034 -0.025 0.052 0.000 0.048 0.023 -0.041
-0.034 -0.024 0.052 0.000 0.048 0.023 -0.041
-0.034 -0.024 0.053 0.000 0.048 0.023 -0.041
-0.035 -0.024 0.053 0.000 0.049 0.022 -0.042
-0.035 -0.023 0.054 0.000 0.049 0.022 -0.042
-0.035 -0.023 0.054 0.000 0.050 0.021 -0.043
-0.035 -0.022 0.055 0.000 0.050 0.021 -0.043
-0.036 -0.022 0.055 0.000 0.050 0.020 -0.043
-0.036 -0.021 0.055 0.000 0.051 0.020 -0.044
-0.036 -0.021 0.056 0.000 0.051 0.020 -0.044
-0.036 -0.020 0.056 0.000 0.051 0.019 -0.044
-0.037 -0.020 0.057 0.000 0.052 0.019 -0.045
-0.037 -0.019 0.057 0.000 0.052 0.018 -0.045
-0.037 -0.019 0.058 0.000 0.052 0.018 -0.045
-0.037 -0.019 0.058 0.000 0.053 0.017 -0.045
-0.038 -0.018 0.058 0.000 0.053 0.017 -0.046
-0.038 -0.018 0.059 0.000 0.053 0.017 -0.046
-0.038 -0.017 0.059 0.000 0.053 0.016 -0.046
-0.038 -0.017 0.059 -0.000 0.054 0.016 -0.047
-0.038 -0.016 0.060 -0.000 0.054 0.015 -0.047
-0.039 -0.016 0.060 -0.000 0.054 0.015 -0.047
-0.039 -0.015 0.061 -0.000 0.054 0.014 -0.047
-0.039 -0.015 0.061 -0.000 0.055 0.014 -0.048
-0.039 -0.014 0.061 0.000 0.055 0.013 -0.048
-0.039 -0.014 0.061 0.000 0.055 0.013 -0.048
-0.039 -0.013 0.062 0.000 0.055 0.012 -0.048
-0.040 -0.013 0.062 0.000 0.055 0.012 -0.048
-0.040 -0.012 0.062 0.000 0.056 0.011 -0.049
-0.040 -0.012 0.063 -0.000 0.056 0.011 -0.049
-0.040 -0.011 0.063 -0.000 0.056 0.011 -0.049
-0.040 -0.011 0.063 -0.000 0.056 0.010 -0.049
-0.040 -0.010 0.063 -0.000 0.056 0.010 -0.049
-0.040 -0.010 0.063 -0.000 0.056 0.009 -0.049
-0.041 -0.009 0.064 0.000 0.057 0.009 -0.050
-0.041 -0.009 0.064 0.000 0.057 0.008 -0.050
-0.041 -0.008 0.064 0.000 0.057 0.008 -0.050
-0.041 -0.008 0.064 0.000 0.057 0.007 -0.050
-0.041 -0.007 0.064 0.000 0.057 0.006 -0.050
-0.041 -0.007 0.064 0.000 0.057 0.006 -0.050
-0.041 -0.006 0.065 0.000 0.057 0.006 -0.050
-0.041 -0.006 0.065 0.000 0.057 0.005 -0.051
-0.041 -0.005 0.065 0.000 0.057 0.005 -0.051
-0.041 -0.004 0.065 0.000 0.058 0.004 -0.051
-0.041 -0.004 0.065 0.000 0.058 0.004 -0.051
-0.041 -0.004 0.065 0.000 0.058 0.004 -0.051
-0.041 -0.003 0.065 0.000 0.058 0.003 -0.051
-0.041 -0.002 0.065 0.000 0.058 0.002 -0.051
-0.041 -0.001 0.065 0.000 0.058 0.001 -0.051
-0.041 -0.001 0.065 0.000 0.058 0.000 -0.051
-0.041 -0.000 0.065 0.000 0.058 0.000 -0.051
-0.041 -0.000 0.065 0.000 0.058 0.000 -0.051
-0.041 -0.000 0.065 0.000 0.058 0.000 -0.051
-0.041 -0.000 0.065 0.000 0.058 0.000 -0.051
-0.041 0.001 0.065 0.000 0.058 -0.001 -0.051
-0.041 0.002 0.065 0.000 0.058 -0.002 -0.051
-0.041 0.003 0.065 0.000 0.058 -0.002 -0.051
-0.041 0.003 0.065 0.000 0.058 -0.003 -0.051
-0.041 0.003 0.065 0.000 0.058 -0.003 -0.051
-0.041 0.004 0.065 0.000 0.058 -0.003 -0.051
-0.041 0.004 0.065 0.000 0.058 -0.004 -0.051
-0.041 0.005 0.065 0.000 0.058 -0.005 -0.051
-0.041 0.006 0.065 0.000 0.057 -0.005 -0.051
-0.041 0.006 0.065 0.000 0.057 -0.006 -0.050
-0.041 0.006 0.064 0.000 0.057 -0.006 -0.050
-0.041 0.007 0.064 0.000 0.057 -0.007 -0.050
-0.041 0.008 0.064 0.000 0.057 -0.007 -0.050
-0.041 0.008 0.064 0.000 0.057 -0.008 -0.050
-0.041 0.009 0.064 0.000 0.057 -0.008 -0.050
-0.040 0.009 0.064 -0.000 0.057 -0.008 -0.050
-0.040 0.010 0.064 -0.000 0.057 -0.009 -0.050
-0.040 0.010 0.063 -0.000 0.056 -0.009 -0.049
-0.040 0.011 0.063 -0.000 0.056 -0.010 -0.049
-0.040 0.011 0.063 -0.000 0.056 -0.010 -0.049
-0.040 0.012 0.063 0.000 0.056 -0.011 -0.049
-0.040 0.012 0.062 0.000 0.056 -0.011 -0.049
-0.040 0.013 0.062 0.000 0.055 -0.012 -0.049
-0.039 0.013 0.062 0.000 0.055 -0.012 -0.048
-0.039 0.014 0.061 0.000 0.055 -0.013 -0.048
-0.039 0.014 0.061 -0.000 0.055 -0.013 -0.048
-0.039 0.015 0.061 -0.000 0.055 -0.014 -0.048
-0.039 0.015 0.061 -0.000 0.054 -0.014 -0.047
-0.039 0.016 0.060 -0.000 0.054 -0.015 -0.047
-0.038 0.016 0.060 -0.000 0.054 -0.015 -0.047
-0.038 0.017 0.060 0.000 0.054 -0.015 -0.047
-0.038 0.017 0.059 0.000 0.053 -0.016 -0.046
-0.038 0.018 0.059 0.000 0.053 -0.016 -0.046
-0.038 0.018 0.058 0.000 0.053 -0.017 -0.046
-0.037 0.018 0.058 0.000 0.053 -0.017 -0.046
-0.037 0.019 0.058 -0.000 0.052 -0.018 -0.045
-0.037 0.019 0.057 -0.000 0.052 -0.018 -0.045
-0.037 0.020 0.057 -0.000 0.052 -0.019 -0.045
-0.036 0.020 0.056 -0.000 0.051 -0.019 -0.044
-0.036 0.021 0.056 -0.000 0.051 -0.020 -0.044
-0.036 0.021 0.055 -0.000 0.051 -0.020 -0.044
-0.036 0.022 0.055 -0.000 0.050 -0.020 -0.043
-0.035 0.022 0.055 -0.000 0.050 -0.021 -0.043
-0.035 0.023 0.054 -0.000 0.050 -0.021 -0.043
-0.035 0.023 0.054 -0.000 0.049 -0.022 -0.042
-0.035 0.023 0.053 -0.000 0.049 -0.022 -0.042
-0.034 0.024 0.053 -0.000 0.049 -0.022 -0.042
-0.034 0.024 0.052 -0.000 0.048 -0.023 -0.041
-0.034 0.025 0.052 -0.000 0.048 -0.023 -0.041
-0.033 0.025 0.051 -0.000 0.047 -0.024 -0.040
-0.033 0.026 0.051 -0.000 0.047 -0.024 -0.040
-0.033 0.026 0.050 0.000 0.047 -0.025 -0.040
-0.032 0.026 0.050 0.000 0.046 -0.025 -0.039
-0.032 0.027 0.049 0.000 0.046 -0.025 -0.039
-0.032 0.027 0.048 0.000 0.045 -0.026 -0.038
-0.031 0.028 0.048 0.000 0.045 -0.026 -0.038
-0.031 0.028 0.047 0.000 0.044 -0.026 -0.038
-0.031 0.028 0.047 0.000 0.044 -0.027 -0.037
-0.030 0.029 0.046 0.000 0.044 -0.027 -0.037
-0.030 0.029 0.045 0.000 0.043 -0.028 -0.036
-0.030 0.029 0.045 0.000 0.043 -0.028 -0.036
-0.029 0.030 0.044 0.000 0.042 -0.028 -0.035
-0.029 0.030 0.044 0.000 0.042 -0.029 -0.035
-0.029 0.031 0.043 0.000 0.041 -0.029 -0.034
-0.028 0.031 0.042 0.000 0.041 -0.029 -0.034
-0.028 0.031 0.042 0.000 0.040 -0.030 -0.033
-0.027 0.032 0.041 0.000 0.040 -0.030 -0.033
-0.027 0.032 0.040 0.000 0.039 -0.030 -0.033
-0.027 0.032 0.040 0.000 0.039 -0.031 -0.032
-0.026 0.033 0.039 0.000 0.038 -0.031 -0.032
-0.026 0.033 0.038 0.000 0.038 -0.031 -0.031
-0.025 0.033 0.038 -0.000 0.037 -0.032 -0.031
-0.025 0.033 0.037 -0.000 0.037 -0.032 -0.030
-0.025 0.034 0.036 -0.000 0.036 -0.032 -0.030
-0.024 0.034 0.036 -0.000 0.035 -0.033 -0.029
-0.024 0.034 0.035 -0.000 0.035 -0.033 -0.028
-0.023 0.035 0.034 -0.000 0.034 -0.033 -0.028
-0.023 0.035 0.033 -0.000 0.034 -0.034 -0.028
-0.022 0.035 0.033 -0.000 0.033 -0.034 -0.027
-0.022 0.035 0.032 -0.000 0.033 -0.034 -0.026
-0.021 0.036 0.031 -0.000 0.032 -0.034 -0.026
-0.021 0.036 0.031 -0.000 0.031 -0.035 -0.025
-0.020 0.036 0.030 -0.000 0.031 -0.035 -0.025
-0.020 0.036 0.029 -0.000 0.030 -0.035 -0.024
-0.020 0.037 0.028 -0.000 0.029 -0.035 -0.024
-0.019 0.037 0.027 -0.000 0.029 -0.036 -0.023
-0.019 0.037 0.027 -0.000 0.028 -0.036 -0.023
-0.018 0.037 0.026 -0.000 0.028 -0.036 -0.022
-0.018 0.038 0.025 -0.000 0.027 -0.036 -0.022
-0.017 0.038 0.025 -0.000 0.026 -0.037 -0.021
-0.017 0.038 0.024 -0.000 0.026 -0.037 -0.020
-0.016 0.038 0.023 -0.000 0.025 -0.037 -0.020
-0.016 0.038 0.022 -0.000 0.024 -0.037 -0.019
-0.015 0.039 0.022 -0.000 0.024 -0.038 -0.019
-0.015 0.039 0.021 -0.000 0.023 -0.038 -0.018
-0.014 0.039 0.020 -0.000 0.022 -0.038 -0.017
-0.013 0.039 0.019 -0.000 0.022 -0.038 -0.017
-0.013 0.039 0.018 -0.000 0.021 -0.038 -0.016
-0.013 0.039 0.018 -0.000 0.020 -0.038 -0.016
-0.012 0.039 0.017 -0.000 0.020 -0.039 -0.015
-0.011 0.040 0.016 -0.000 0.019 -0.039 -0.015
-0.011 0.040 0.015 -0.000 0.018 -0.039 -0.014
-0.010 0.040 0.014 -0.000 0.018 -0.039 -0.014
-0.010 0.040 0.014 -0.000 0.017 -0.039 -0.013
-0.009 0.040 0.013 -0.000 0.016 -0.039 -0.012
-0.009 0.040 0.012 -0.000 0.015 -0.040 -0.012
-0.008 0.040 0.011 -0.000 0.015 -0.040 -0.011
-0.008 0.040 0.011 -0.000 0.014 -0.040 -0.011
-0.007 0.040 0.010 -0.000 0.013 -0.040 -0.010
-0.007 0.041 0.009 -0.000 0.013 -0.040 -0.009
-0.006 0.041 0.008 -0.000 0.012 -0.040 -0.009
-0.005 0.041 0.007 -0.000 0.011 -0.040 -0.008
-0.005 0.041 0.007 -0.000 0.010 -0.040 -0.008
-0.005 0.041 0.006 -0.000 0.010 -0.040 -0.007
-0.004 0.041 0.005 -0.000 0.009 -0.040 -0.007
-0.003 0.041 0.003 -0.000 0.008 -0.041 -0.006
-0.002 0.041 0.002 0.000 0.007 -0.041 -0.005
-0.002 0.041 0.002 0.000 0.007 -0.041 -0.005
-0.002 0.041 0.002 0.000 0.006 -0.041 -0.004
-0.001 0.041 0.001 0.000 0.005 -0.041 -0.004
-0.001 0.041 0.001 0.000 0.004 -0.041 -0.003
0.000 0.041 -0.000 -0.000 0.003 -0.041 -0.002
0.001 0.041 -0.002 -0.000 0.003 -0.041 -0.002
0.002 0.041 -0.003 -0.000 0.002 -0.041 -0.001
0.002 0.041 -0.003 -0.000 0.002 -0.041 -0.001
0.002 0.041 -0.004 -0.000 0.001 -0.041 -0.000
0.003 0.041 -0.004 -0.000 -0.000 -0.041 0.000
0.004 0.041 -0.006 -0.000 -0.001 -0.041 0.001
0.005 0.041 -0.007 -0.000 -0.002 -0.041 0.002
0.005 0.041 -0.007 -0.000 -0.002 -0.041 0.002
0.006 0.041 -0.008 -0.000 -0.003 -0.041 0.003
0.006 0.041 -0.008 -0.000 -0.003 -0.041 0.003
0.007 0.040 -0.009 -0.000 -0.005 -0.041 0.004
0.007 0.040 -0.010 -0.000 -0.006 -0.041 0.005
0.008 0.040 -0.011 -0.000 -0.007 -0.041 0.005
0.008 0.040 -0.012 -0.000 -0.007 -0.041 0.006
0.009 0.040 -0.012 -0.000 -0.007 -0.041 0.006
0.010 0.040 -0.013 -0.000 -0.008 -0.041 0.007
0.010 0.040 -0.014 -0.000 -0.009 -0.040 0.007
0.011 0.040 -0.015 -0.000 -0.010 -0.040 0.008
0.011 0.040 -0.016 -0.000 -0.011 -0.040 0.008
0.012 0.040 -0.016 -0.000 -0.011 -0.040 0.009
0.013 0.039 -0.017 -0.000 -0.012 -0.040 0.009
0.013 0.039 -0.018 -0.000 -0.013 -0.040 0.010
0.014 0.039 -0.019 -0.000 -0.014 -0.040 0.011
0.014 0.039 -0.019 -0.000 -0.015 -0.040 0.011
0.015 0.039 -0.020 -0.000 -0.015 -0.040 0.011
0.015 0.039 -0.021 -0.000 -0.016 -0.039 0.012
0.016 0.038 -0.022 -0.000 -0.017 -0.039 0.013
0.017 0.038 -0.022 -0.000 -0.018 -0.039 0.013
0.017 0.038 -0.023 -0.000 -0.018 -0.039 0.014
0.018 0.038 -0.023 -0.000 -0.019 -0.039 0.014
0.018 0.038 -0.024 -0.000 -0.020 -0.039 0.015
0.019 0.038 -0.025 -0.000 -0.021 -0.039 0.015
0.019 0.037 -0.026 -0.000 -0.021 -0.038 0.016
0.020 0.037 -0.026 -0.000 -0.022 -0.038 0.016
0.020 0.037 -0.027 -0.000 -0.023 -0.038 0.017
0.021 0.037 -0.028 -0.000 -0.023 -0.038 0.017
0.022 0.036 -0.028 -0.000 -0.024 -0.038 0.018
0.022 0.036 -0.029 -0.000 -0.025 -0.037 0.018
0.023 0.036 -0.030 -0.000 -0.026 -0.037 0.019
0.023 0.036 -0.030 -0.000 -0.026 -0.037 0.019
0.024 0.035 -0.031 0.000 -0.027 -0.037 0.020
0.024 0.035 -0.032 0.000 -0.028 -0.036 0.020
0.025 0.035 -0.032 0.000 -0.029 -0.036 0.021
0.025 0.035 -0.033 0.000 -0.029 -0.036 0.021
0.026 0.034 -0.034 0.000 -0.030 -0.036 0.022
0.026 0.034 -0.034 -0.000 -0.031 -0.035 0.022
0.027 0.034 -0.035 -0.000 -0.031 -0.035 0.023
0.028 0.034 -0.036 -0.000 -0.032 -0.035 0.023
0.028 0.033 -0.036 -0.000 -0.033 -0.035 0.023
0.029 0.033 -0.037 -0.000 -0.033 -0.034 0.024
0.029 0.033 -0.037 0.000 -0.034 -0.034 0.024
0.030 0.032 -0.038 0.000 -0.035 -0.034 0.025
0.030 0.032 -0.038 0.000 -0.035 -0.033 0.025
0.031 0.032 -0.039 0.000 -0.036 -0.033 0.026
0.031 0.031 -0.040 0.000 -0.037 -0.033 0.026
0.032 0.031 -0.040 -0.000 -0.037 -0.033 0.026
0.032 0.031 -0.041 -0.000 -0.038 -0.032 0.027
0.033 0.030 -0.041 -0.000 -0.039 -0.032 0.027
0.033 0.030 -0.042 -0.000 -0.039 -0.032 0.028
0.033 0.030 -0.042 -0.000 -0.040 -0.031 0.028
0.034 0.029 -0.043 -0.000 -0.040 -0.031 0.028
0.034 0.029 -0.043 -0.000 -0.041 -0.031 0.029
0.035 0.029 -0.044 -0.000 -0.042 -0.030 0.029
0.035 0.028 -0.044 -0.000 -0.042 -0.030 0.029
0.036 0.028 -0.045 -0.000 -0.043 -0.029 0.030
0.036 0.028 -0.045 -0.000 -0.043 -0.029 0.030
0.037 0.027 -0.046 -0.000 -0.044 -0.029 0.031
0.037 0.027 -0.046 -0.000 -0.045 -0.028 0.031
0.038 0.026 -0.047 -0.000 -0.045 -0.028 0.031
0.038 0.026 -0.047 -0.000 -0.046 -0.028 0.032
0.038 0.026 -0.048 0.000 -0.046 -0.027 0.032
0.039 0.025 -0.048 0.000 -0.047 -0.027 0.032
0.039 0.025 -0.049 0.000 -0.047 -0.026 0.033
0.040 0.025 -0.049 0.000 -0.048 -0.026 0.033
0.040 0.024 -0.049 0.000 -0.048 -0.026 0.033
0.040 0.024 -0.050 0.000 -0.049 -0.025 0.033
0.041 0.023 -0.050 0.000 -0.049 -0.025 0.034
0.041 0.023 -0.051 0.000 -0.050 -0.024 0.034
0.042 0.022 -0.051 0.000 -0.050 -0.024 0.034
0.042 0.022 -0.051 0.000 -0.051 -0.023 0.035
0.042 0.022 -0.052 0.000 -0.051 -0.023 0.035
0.043 0.021 -0.052 0.000 -0.052 -0.023 0.035
0.043 0.021 -0.053 0.000 -0.052 -0.022 0.035
0.043 0.020 -0.053 0.000 -0.053 -0.022 0.036
0.044 0.020 -0.053 0.000 -0.053 -0.021 0.036
0.044 0.019 -0.054 -0.000 -0.053 -0.021 0.036
0.044 0.019 -0.054 -0.000 -0.054 -0.020 0.036
0.045 0.019 -0.054 -0.000 -0.054 -0.020 0.037
0.045 0.018 -0.055 -0.000 -0.055 -0.019 0.037
0.045 0.018 -0.055 -0.000 -0.055 -0.019 0.037
0.045 0.017 -0.055 0.000 -0.055 -0.018 0.037
0.046 0.017 -0.056 0.000 -0.056 -0.018 0.038
0.046 0.016 -0.056 0.000 -0.056 -0.018 0.038
0.046 0.016 -0.056 0.000 -0.056 -0.017 0.038
0.047 0.015 -0.056 0.000 -0.057 -0.017 0.038
0.047 0.015 -0.057 -0.000 -0.057 -0.016 0.038
0.047 0.015 -0.057 -0.000 -0.057 -0.016 0.039
0.047 0.014 -0.057 -0.000 -0.058 -0.015 0.039
0.048 0.014 -0.057 -0.000 -0.058 -0.015 0.039
0.048 0.013 -0.058 -0.000 -0.058 -0.014 0.039
0.048 0.013 -0.058 0.000 -0.059 -0.014 0.039
0.048 0.012 -0.058 0.000 -0.059 -0.013 0.039
0.048 0.012 -0.058 0.000 -0.059 -0.013 0.040
0.049 0.011 -0.059 0.000 -0.059 -0.012 0.040
0.049 0.011 -0.059 0.000 -0.060 -0.012 0.040
0.049 0.010 -0.059 0.000 -0.060 -0.011 0.040
0.049 0.010 -0.059 0.000 -0.060 -0.011 0.040
0.049 0.009 -0.059 0.000 -0.060 -0.010 0.040
0.049 0.009 -0.059 0.000 -0.061 -0.010 0.040
0.050 0.008 -0.060 0.000 -0.061 -0.009 0.040
0.050 0.008 -0.060 0.000 -0.061 -0.008 0.041
0.050 0.007 -0.060 0.000 -0.061 -0.008 0.041
0.050 0.007 -0.060 0.000 -0.061 -0.008 0.041
0.050 0.007 -0.060 0.000 -0.061 -0.007 0.041
0.050 0.006 -0.060 0.000 -0.061 -0.006 0.041
0.050 0.005 -0.060 -0.000 -0.062 -0.006 0.041
0.050 0.005 -0.060 -0.000 -0.062 -0.005 0.041
0.050 0.005 -0.060 -0.000 -0.062 -0.005 0.041
0.051 0.004 -0.060 -0.000 -0.062 -0.004 0.041
0.051 0.003 -0.061 -0.000 -0.062 -0.004 0.041
0.052 0.003 -0.062 0.000 -0.063 -0.003 0.042
0.065 0.003 -0.078 0.000 -0.080 -0.003 0.053
0.067 0.002 -0.080 0.000 -0.082 -0.002 0.054
0.057 0.002 -0.068 0.000 -0.069 -0.002 0.046
0.034 0.001 -0.041 0.000 -0.042 -0.001 0.028
0.000 0.000 0.000 0.000 0.000 0.000 0.000
0.000 0.000 0.000 0.000 0.000 0.000 0.000
