0.000 -0.000 0.659 -0.000 1.204 0.000 0.545 0.000
0.010 -0.000 0.659 -0.000 1.204 0.000 0.545 0.000
0.030 0.001 0.659 -0.001 1.204 -0.001 0.545 0.000
0.050 0.002 0.659 -0.002 1.204 -0.002 0.545 0.001
0.070 0.004 0.659 -0.004 1.204 -0.004 0.545 0.002
0.090 0.006 0.659 -0.006 1.204 -0.007 0.545 0.004
0.110 0.008 0.659 -0.007 1.204 -0.009 0.545 0.005
0.130 0.010 0.659 -0.009 1.204 -0.010 0.545 0.006
0.150 0.012 0.659 -0.010 1.204 -0.012 0.545 0.007
0.170 0.013 0.659 -0.012 1.204 -0.014 0.545 0.008
0.190 0.015 0.659 -0.013 1.204 -0.015 0.545 0.009
0.210 0.017 0.659 -0.015 1.204 -0.017 0.546 0.010
0.230 0.018 0.659 -0.016 1.204 -0.019 0.546 0.011
0.250 0.020 0.659 -0.017 1.204 -0.021 0.546 0.012
0.270 0.022 0.659 -0.019 1.204 -0.022 0.546 0.012
0.290 0.023 0.659 -0.020 1.204 -0.024 0.546 0.013
0.310 0.025 0.658 -0.022 1.204 -0.026 0.546 0.014
0.330 0.026 0.658 -0.023 1.204 -0.027 0.546 0.015
0.350 0.028 0.658 -0.025 1.204 -0.029 0.547 0.016
0.370 0.030 0.658 -0.026 1.204 -0.031 0.547 0.017
0.390 0.031 0.658 -0.028 1.204 -0.032 0.547 0.018
0.410 0.033 0.658 -0.029 1.204 -0.034 0.547 0.019
0.430 0.035 0.657 -0.030 1.204 -0.036 0.548 0.020
0.450 0.036 0.657 -0.032 1.204 -0.037 0.548 0.021
0.470 0.038 0.657 -0.033 1.204 -0.039 0.548 0.022
0.490 0.039 0.657 -0.035 1.204 -0.041 0.548 0.023
0.510 0.041 0.656 -0.036 1.204 -0.042 0.549 0.024
0.530 0.043 0.656 -0.038 1.204 -0.044 0.549 0.025
0.550 0.044 0.656 -0.039 1.204 -0.046 0.549 0.026
0.570 0.046 0.656 -0.040 1.204 -0.047 0.550 0.027
0.590 0.047 0.655 -0.042 1.204 -0.049 0.550 0.027
0.610 0.049 0.655 -0.043 1.204 -0.050 0.550 0.028
0.630 0.050 0.655 -0.045 1.204 -0.052 0.551 0.029
0.650 0.052 0.655 -0.046 1.204 -0.053 0.551 0.030
0.670 0.053 0.654 -0.047 1.204 -0.055 0.551 0.031
0.690 0.055 0.654 -0.049 1.204 -0.057 0.552 0.032
0.710 0.056 0.654 -0.050 1.204 -0.058 0.552 0.033
0.730 0.058 0.653 -0.051 1.204 -0.060 0.553 0.034
0.750 0.059 0.653 -0.053 1.204 -0.061 0.553 0.035
0.770 0.061 0.652 -0.054 1.204 -0.063 0.553 0.036
0.790 0.062 0.652 -0.056 1.204 -0.064 0.554 0.036
0.810 0.064 0.652 -0.057 1.204 -0.066 0.554 0.037
0.830 0.065 0.651 -0.058 1.204 -0.067 0.555 0.038
0.850 0.067 0.651 -0.060 1.204 -0.069 0.555 0.039
0.870 0.068 0.651 -0.061 1.204 -0.070 0.556 0.040
0.890 0.069 0.650 -0.062 1.204 -0.071 0.556 0.041
0.910 0.071 0.650 -0.064 1.204 -0.073 0.557 0.042
0.930 0.072 0.649 -0.065 1.204 -0.074 0.557 0.042
0.950 0.074 0.649 -0.066 1.204 -0.076 0.558 0.043
0.970 0.075 0.648 -0.068 1.204 -0.077 0.558 0.044
0.990 0.076 0.648 -0.069 1.204 -0.078 0.559 0.045
1.010 0.078 0.647 -0.070 1.204 -0.080 0.560 0.046
1.030 0.079 0.647 -0.071 1.204 -0.081 0.560 0.047
1.050 0.080 0.646 -0.073 1.204 -0.082 0.561 0.047
1.070 0.082 0.646 -0.074 1.204 -0.084 0.561 0.048
1.090 0.083 0.645 -0.075 1.204 -0.085 0.562 0.049
1.110 0.084 0.645 -0.076 1.204 -0.086 0.563 0.050
1.130 0.086 0.644 -0.078 1.204 -0.087 0.563 0.051
1.150 0.087 0.644 -0.079 1.204 -0.089 0.564 0.051
1.170 0.088 0.643 -0.080 1.204 -0.090 0.564 0.052
1.190 0.089 0.643 -0.081 1.204 -0.091 0.565 0.053
1.210 0.090 0.642 -0.083 1.204 -0.092 0.566 0.054
1.230 0.092 0.642 -0.084 1.204 -0.093 0.566 0.054
1.250 0.093 0.641 -0.085 1.204 -0.095 0.567 0.055
1.270 0.094 0.641 -0.086 1.204 -0.096 0.568 0.056
1.290 0.095 0.640 -0.087 1.204 -0.097 0.568 0.057
1.310 0.096 0.639 -0.088 1.204 -0.098 0.569 0.057
1.330 0.097 0.639 -0.090 1.204 -0.099 0.570 0.058
1.350 0.099 0.638 -0.091 1.204 -0.100 0.571 0.059
1.370 0.100 0.637 -0.092 1.204 -0.101 0.571 0.059
1.390 0.101 0.637 -0.093 1.204 -0.102 0.572 0.060
1.410 0.102 0.636 -0.094 1.204 -0.103 0.573 0.061
1.430 0.103 0.636 -0.095 1.204 -0.104 0.573 0.061
1.450 0.104 0.635 -0.096 1.204 -0.105 0.574 0.062
1.470 0.105 0.634 -0.097 1.204 -0.106 0.575 0.063
1.490 0.106 0.634 -0.098 1.204 -0.107 0.576 0.063
1.510 0.107 0.633 -0.099 1.204 -0.108 0.577 0.064
1.530 0.108 0.632 -0.101 1.204 -0.109 0.577 0.065
1.550 0.109 0.631 -0.102 1.204 -0.110 0.578 0.065
1.570 0.110 0.631 -0.103 1.204 -0.111 0.579 0.066
1.590 0.111 0.630 -0.104 1.204 -0.111 0.580 0.066
1.610 0.112 0.629 -0.105 1.204 -0.112 0.581 0.067
1.630 0.112 0.629 -0.106 1.204 -0.113 0.581 0.068
1.650 0.113 0.628 -0.106 1.204 -0.114 0.582 0.068
1.670 0.114 0.627 -0.107 1.204 -0.115 0.583 0.069
1.690 0.115 0.626 -0.108 1.204 -0.115 0.584 0.069
1.710 0.116 0.626 -0.109 1.204 -0.116 0.585 0.070
1.730 0.117 0.625 -0.110 1.204 -0.117 0.586 0.070
1.750 0.117 0.624 -0.111 1.204 -0.117 0.586 0.071
1.770 0.118 0.623 -0.112 1.204 -0.118 0.587 0.071
1.790 0.119 0.623 -0.113 1.204 -0.119 0.588 0.072
1.810 0.120 0.622 -0.114 1.204 -0.119 0.589 0.072
1.830 0.120 0.621 -0.115 1.204 -0.120 0.590 0.073
1.850 0.121 0.620 -0.115 1.204 -0.120 0.591 0.073
1.870 0.122 0.619 -0.116 1.204 -0.121 0.592 0.074
1.890 0.122 0.619 -0.117 1.204 -0.122 0.592 0.074
1.910 0.123 0.618 -0.118 1.204 -0.122 0.593 0.074
1.930 0.124 0.617 -0.119 1.204 -0.123 0.594 0.075
1.950 0.124 0.616 -0.119 1.204 -0.123 0.595 0.075
1.970 0.125 0.615 -0.120 1.204 -0.123 0.596 0.076
1.990 0.125 0.614 -0.121 1.204 -0.124 0.597 0.076
2.010 0.126 0.614 -0.121 1.204 -0.124 0.598 0.076
2.030 0.127 0.613 -0.122 1.204 -0.125 0.599 0.077
2.050 0.127 0.612 -0.123 1.204 -0.125 0.600 0.077
2.070 0.128 0.611 -0.123 1.204 -0.125 0.601 0.077
2.090 0.128 0.610 -0.124 1.204 -0.126 0.601 0.078
2.110 0.129 0.609 -0.125 1.204 -0.126 0.602 0.078
2.130 0.129 0.608 -0.125 1.204 -0.126 0.603 0.078
2.150 0.129 0.608 -0.126 1.204 -0.126 0.604 0.078
2.170 0.130 0.607 -0.126 1.204 -0.127 0.605 0.079
2.190 0.130 0.606 -0.127 1.204 -0.127 0.606 0.079
2.210 0.131 0.605 -0.127 1.204 -0.127 0.607 0.079
2.230 0.131 0.604 -0.128 1.204 -0.127 0.608 0.079
2.250 0.131 0.603 -0.128 1.204 -0.127 0.609 0.079
2.270 0.132 0.602 -0.129 1.204 -0.128 0.610 0.080
2.290 0.132 0.601 -0.129 1.204 -0.128 0.611 0.080
2.310 0.132 0.600 -0.130 1.204 -0.128 0.612 0.080
2.330 0.133 0.600 -0.130 1.204 -0.128 0.613 0.080
2.350 0.133 0.599 -0.131 1.204 -0.128 0.614 0.080
2.370 0.133 0.598 -0.131 1.204 -0.128 0.615 0.080
2.390 0.133 0.597 -0.131 1.204 -0.128 0.615 0.080
2.410 0.133 0.596 -0.132 1.204 -0.128 0.616 0.080
2.430 0.134 0.595 -0.132 1.204 -0.128 0.617 0.080
2.450 0.134 0.594 -0.132 1.204 -0.128 0.618 0.080
2.470 0.134 0.593 -0.133 1.204 -0.128 0.619 0.080
2.490 0.134 0.592 -0.133 1.204 -0.128 0.620 0.080
2.510 0.134 0.591 -0.133 1.204 -0.127 0.621 0.080
2.530 0.134 0.590 -0.133 1.204 -0.127 0.622 0.080
2.550 0.134 0.589 -0.133 1.204 -0.127 0.623 0.080
2.570 0.134 0.588 -0.134 1.204 -0.127 0.624 0.080
2.590 0.135 0.588 -0.134 1.204 -0.127 0.625 0.080
2.610 0.135 0.587 -0.134 1.204 -0.127 0.626 0.080
2.630 0.135 0.586 -0.134 1.204 -0.126 0.627 0.080
2.650 0.135 0.585 -0.134 1.204 -0.126 0.628 0.080
2.670 0.135 0.584 -0.134 1.204 -0.126 0.629 0.080
2.690 0.135 0.583 -0.134 1.204 -0.125 0.629 0.079
2.710 0.134 0.582 -0.134 1.204 -0.125 0.630 0.079
2.730 0.134 0.581 -0.134 1.204 -0.125 0.631 0.079
2.750 0.134 0.580 -0.134 1.204 -0.124 0.632 0.079
2.770 0.134 0.579 -0.134 1.204 -0.124 0.633 0.079
2.790 0.134 0.578 -0.134 1.204 -0.124 0.634 0.078
2.810 0.134 0.577 -0.134 1.204 -0.123 0.635 0.078
2.830 0.134 0.576 -0.134 1.204 -0.123 0.636 0.078
2.850 0.134 0.575 -0.134 1.204 -0.122 0.637 0.077
2.870 0.134 0.574 -0.134 1.204 -0.122 0.638 0.077
2.890 0.133 0.574 -0.134 1.204 -0.122 0.638 0.077
2.910 0.133 0.573 -0.133 1.204 -0.121 0.639 0.076
2.930 0.133 0.572 -0.133 1.204 -0.121 0.640 0.076
2.950 0.133 0.571 -0.133 1.204 -0.120 0.641 0.076
2.970 0.133 0.570 -0.133 1.204 -0.119 0.642 0.075
2.990 0.132 0.569 -0.132 1.204 -0.119 0.643 0.075
3.010 0.132 0.568 -0.132 1.204 -0.118 0.644 0.074
3.030 0.132 0.567 -0.132 1.204 -0.118 0.645 0.074
3.050 0.131 0.566 -0.131 1.204 -0.117 0.645 0.073
3.070 0.131 0.565 -0.131 1.204 -0.116 0.646 0.073
3.090 0.131 0.564 -0.131 1.204 -0.116 0.647 0.072
3.110 0.130 0.563 -0.130 1.204 -0.115 0.648 0.072
3.130 0.130 0.563 -0.130 1.204 -0.114 0.649 0.071
3.150 0.130 0.562 -0.129 1.204 -0.114 0.650 0.071
3.170 0.129 0.561 -0.129 1.204 -0.113 0.650 0.070
3.190 0.129 0.560 -0.128 1.204 -0.112 0.651 0.069
3.210 0.129 0.559 -0.128 1.204 -0.112 0.652 0.069
3.230 0.128 0.558 -0.127 1.204 -0.111 0.653 0.068
3.250 0.128 0.557 -0.127 1.204 -0.110 0.654 0.067
3.270 0.127 0.556 -0.126 1.204 -0.109 0.655 0.067
3.290 0.127 0.555 -0.125 1.204 -0.109 0.655 0.066
3.310 0.126 0.555 -0.125 1.204 -0.108 0.656 0.065
3.330 0.126 0.554 -0.124 1.204 -0.107 0.657 0.065
3.350 0.125 0.553 -0.124 1.204 -0.106 0.658 0.064
3.370 0.125 0.552 -0.123 1.204 -0.105 0.658 0.063
3.390 0.124 0.551 -0.122 1.204 -0.104 0.659 0.062
3.410 0.124 0.550 -0.121 1.204 -0.103 0.660 0.062
3.430 0.123 0.550 -0.121 1.204 -0.103 0.661 0.061
3.450 0.123 0.549 -0.120 1.204 -0.102 0.661 0.060
3.470 0.122 0.548 -0.119 1.204 -0.101 0.662 0.059
3.490 0.122 0.547 -0.118 1.204 -0.100 0.663 0.058
3.510 0.121 0.546 -0.117 1.204 -0.099 0.664 0.057
3.530 0.120 0.545 -0.116 1.204 -0.098 0.664 0.056
3.550 0.120 0.545 -0.116 1.204 -0.097 0.665 0.055
3.570 0.119 0.544 -0.115 1.204 -0.096 0.666 0.055
3.590 0.119 0.543 -0.114 1.204 -0.095 0.666 0.054
3.610 0.118 0.542 -0.113 1.204 -0.094 0.667 0.053
3.630 0.117 0.542 -0.112 1.204 -0.093 0.668 0.052
3.650 0.117 0.541 -0.111 1.204 -0.092 0.668 0.051
3.670 0.116 0.540 -0.110 1.204 -0.091 0.669 0.050
3.690 0.115 0.539 -0.109 1.204 -0.090 0.670 0.049
3.710 0.115 0.539 -0.108 1.204 -0.089 0.670 0.048
3.730 0.114 0.538 -0.107 1.204 -0.088 0.671 0.046
3.750 0.113 0.537 -0.105 1.204 -0.087 0.672 0.045
3.770 0.113 0.536 -0.104 1.204 -0.086 0.672 0.044
3.790 0.112 0.536 -0.103 1.204 -0.085 0.673 0.043
3.810 0.111 0.535 -0.102 1.204 -0.083 0.673 0.042
3.830 0.110 0.534 -0.101 1.204 -0.082 0.674 0.041
3.850 0.110 0.534 -0.100 1.204 -0.081 0.675 0.040
3.870 0.109 0.533 -0.099 1.204 -0.080 0.675 0.039
3.890 0.108 0.532 -0.097 1.204 -0.079 0.676 0.037
3.910 0.107 0.532 -0.096 1.204 -0.078 0.676 0.036
3.930 0.107 0.531 -0.095 1.204 -0.077 0.677 0.035
3.950 0.106 0.530 -0.094 1.204 -0.075 0.677 0.034
3.970 0.105 0.530 -0.092 1.204 -0.074 0.678 0.032
3.990 0.104 0.529 -0.091 1.204 -0.073 0.678 0.031
4.010 0.103 0.528 -0.090 1.204 -0.072 0.679 0.030
4.030 0.103 0.528 -0.088 1.204 -0.071 0.679 0.029
4.050 0.102 0.527 -0.087 1.204 -0.069 0.680 0.027
4.070 0.101 0.527 -0.085 1.204 -0.068 0.680 0.026
4.090 0.100 0.526 -0.084 1.204 -0.067 0.681 0.025
4.110 0.099 0.526 -0.083 1.204 -0.066 0.681 0.023
4.130 0.099 0.525 -0.081 1.204 -0.065 0.682 0.022
4.150 0.098 0.524 -0.080 1.204 -0.063 0.682 0.021
4.170 0.097 0.524 -0.078 1.204 -0.062 0.683 0.019
4.190 0.096 0.523 -0.077 1.204 -0.061 0.683 0.018
4.210 0.095 0.523 -0.075 1.204 -0.060 0.684 0.016
4.230 0.094 0.522 -0.074 1.204 -0.058 0.684 0.015
4.250 0.093 0.522 -0.072 1.204 -0.057 0.684 0.014
4.270 0.093 0.521 -0.071 1.204 -0.056 0.685 0.012
4.290 0.092 0.521 -0.069 1.204 -0.055 0.685 0.011
4.310 0.091 0.520 -0.068 1.204 -0.053 0.686 0.009
4.330 0.090 0.520 -0.066 1.204 -0.052 0.686 0.008
4.350 0.089 0.520 -0.065 1.204 -0.051 0.686 0.006
4.370 0.088 0.519 -0.063 1.204 -0.049 0.687 0.005
4.390 0.087 0.519 -0.061 1.204 -0.048 0.687 0.003
4.410 0.086 0.518 -0.060 1.204 -0.047 0.687 0.002
4.430 0.085 0.518 -0.058 1.204 -0.045 0.688 0.000
4.450 0.084 0.518 -0.057 1.204 -0.044 0.688 -0.001
4.470 0.084 0.517 -0.055 1.204 -0.043 0.688 -0.003
4.490 0.083 0.517 -0.053 1.204 -0.041 0.689 -0.004
4.510 0.082 0.516 -0.052 1.204 -0.040 0.689 -0.006
4.530 0.081 0.516 -0.050 1.204 -0.039 0.689 -0.007
4.550 0.080 0.516 -0.048 1.204 -0.037 0.689 -0.009
4.570 0.079 0.515 -0.047 1.204 -0.036 0.690 -0.011
4.590 0.078 0.515 -0.045 1.204 -0.035 0.690 -0.012
4.610 0.077 0.515 -0.043 1.204 -0.033 0.690 -0.014
4.630 0.076 0.515 -0.041 1.204 -0.032 0.690 -0.015
4.650 0.075 0.514 -0.040 1.204 -0.031 0.691 -0.017
4.670 0.074 0.514 -0.038 1.204 -0.029 0.691 -0.019
4.690 0.073 0.514 -0.036 1.204 -0.028 0.691 -0.020
4.710 0.072 0.514 -0.035 1.204 -0.027 0.691 -0.022
4.730 0.071 0.513 -0.033 1.204 -0.025 0.691 -0.023
4.750 0.070 0.513 -0.031 1.204 -0.024 0.692 -0.025
4.770 0.070 0.513 -0.029 1.204 -0.023 0.692 -0.027
4.790 0.069 0.513 -0.027 1.204 -0.021 0.692 -0.028
4.810 0.068 0.513 -0.026 1.204 -0.020 0.692 -0.030
4.830 0.067 0.512 -0.024 1.204 -0.018 0.692 -0.032
4.850 0.066 0.512 -0.022 1.204 -0.017 0.692 -0.033
4.870 0.065 0.512 -0.020 1.204 -0.016 0.692 -0.035
4.890 0.064 0.512 -0.019 1.204 -0.014 0.692 -0.037
4.910 0.063 0.512 -0.017 1.204 -0.013 0.693 -0.038
4.930 0.062 0.512 -0.015 1.204 -0.011 0.693 -0.040
4.950 0.061 0.512 -0.013 1.204 -0.010 0.693 -0.042
4.970 0.060 0.512 -0.011 1.204 -0.009 0.693 -0.043
4.990 0.059 0.512 -0.010 1.204 -0.007 0.693 -0.045
5.010 0.058 0.511 -0.008 1.204 -0.006 0.693 -0.047
5.030 0.057 0.511 -0.006 1.204 -0.005 0.693 -0.048
5.050 0.056 0.511 -0.004 1.204 -0.003 0.693 -0.050
5.070 0.055 0.511 -0.002 1.204 -0.002 0.693 -0.052
5.090 0.054 0.511 -0.001 1.204 -0.000 0.693 -0.053
5.110 0.053 0.511 0.001 1.204 0.001 0.693 -0.055
5.130 0.052 0.511 0.003 1.204 0.002 0.693 -0.057
5.150 0.051 0.511 0.005 1.204 0.004 0.693 -0.058
5.170 0.050 0.511 0.007 1.204 0.005 0.693 -0.060
5.190 0.049 0.512 0.009 1.204 0.007 0.693 -0.062
5.210 0.048 0.512 0.010 1.204 0.008 0.693 -0.063
5.230 0.047 0.512 0.012 1.204 0.009 0.693 -0.065
5.250 0.046 0.512 0.014 1.204 0.011 0.693 -0.067
5.270 0.045 0.512 0.016 1.204 0.012 0.693 -0.068
5.290 0.044 0.512 0.018 1.204 0.013 0.693 -0.070
5.310 0.043 0.512 0.019 1.204 0.015 0.692 -0.072
5.330 0.043 0.512 0.021 1.204 0.016 0.692 -0.073
5.350 0.042 0.512 0.023 1.204 0.018 0.692 -0.075
5.370 0.041 0.513 0.025 1.204 0.019 0.692 -0.077
5.390 0.040 0.513 0.026 1.204 0.020 0.692 -0.078
5.410 0.039 0.513 0.028 1.204 0.022 0.692 -0.080
5.430 0.038 0.513 0.030 1.204 0.023 0.692 -0.082
5.450 0.037 0.513 0.032 1.204 0.024 0.691 -0.083
5.470 0.036 0.513 0.034 1.204 0.026 0.691 -0.085
5.490 0.035 0.514 0.035 1.204 0.027 0.691 -0.087
5.510 0.034 0.514 0.037 1.204 0.029 0.691 -0.088
5.530 0.033 0.514 0.039 1.204 0.030 0.691 -0.090
5.550 0.032 0.514 0.040 1.204 0.031 0.691 -0.091
5.570 0.031 0.515 0.042 1.204 0.033 0.690 -0.093
5.590 0.030 0.515 0.044 1.204 0.034 0.690 -0.095
5.610 0.029 0.515 0.046 1.204 0.035 0.690 -0.096
5.630 0.028 0.516 0.047 1.204 0.037 0.690 -0.098
5.650 0.027 0.516 0.049 1.204 0.038 0.689 -0.099
5.670 0.027 0.516 0.051 1.204 0.039 0.689 -0.101
5.690 0.026 0.517 0.052 1.204 0.041 0.689 -0.103
5.710 0.025 0.517 0.054 1.204 0.042 0.688 -0.104
5.730 0.024 0.517 0.056 1.204 0.043 0.688 -0.106
5.750 0.023 0.518 0.057 1.204 0.045 0.688 -0.107
5.770 0.022 0.518 0.059 1.204 0.046 0.688 -0.109
5.790 0.021 0.519 0.061 1.204 0.047 0.687 -0.110
5.810 0.020 0.519 0.062 1.204 0.049 0.687 -0.112
5.830 0.019 0.519 0.064 1.204 0.050 0.687 -0.113
5.850 0.018 0.520 0.065 1.204 0.051 0.686 -0.115
5.870 0.017 0.520 0.067 1.204 0.052 0.686 -0.116
5.890 0.017 0.521 0.068 1.204 0.054 0.685 -0.118
5.910 0.016 0.521 0.070 1.204 0.055 0.685 -0.119
5.930 0.015 0.522 0.072 1.204 0.056 0.685 -0.121
5.950 0.014 0.522 0.073 1.204 0.058 0.684 -0.122
5.970 0.013 0.523 0.075 1.204 0.059 0.684 -0.123
5.990 0.012 0.523 0.076 1.204 0.060 0.683 -0.125
6.010 0.011 0.524 0.078 1.204 0.061 0.683 -0.126
6.030 0.011 0.524 0.079 1.204 0.063 0.683 -0.128
6.050 0.010 0.525 0.080 1.204 0.064 0.682 -0.129
6.070 0.009 0.525 0.082 1.204 0.065 0.682 -0.130
6.090 0.008 0.526 0.083 1.204 0.066 0.681 -0.132
6.110 0.007 0.526 0.085 1.204 0.068 0.681 -0.133
6.130 0.006 0.527 0.086 1.204 0.069 0.680 -0.134
6.150 0.006 0.528 0.087 1.204 0.070 0.680 -0.136
6.170 0.005 0.528 0.089 1.204 0.071 0.679 -0.137
6.190 0.004 0.529 0.090 1.204 0.072 0.679 -0.138
6.210 0.003 0.529 0.091 1.204 0.074 0.678 -0.140
6.230 0.003 0.530 0.093 1.204 0.075 0.678 -0.141
6.250 0.002 0.531 0.094 1.204 0.076 0.677 -0.142
6.270 0.001 0.531 0.095 1.204 0.077 0.677 -0.143
6.290 0.000 0.532 0.097 1.204 0.078 0.676 -0.145
6.310 -0.001 0.533 0.098 1.204 0.079 0.676 -0.146
6.330 -0.001 0.533 0.099 1.204 0.081 0.675 -0.147
6.350 -0.002 0.534 0.100 1.204 0.082 0.674 -0.148
6.370 -0.003 0.535 0.101 1.204 0.083 0.674 -0.149
6.390 -0.003 0.535 0.103 1.204 0.084 0.673 -0.150
6.410 -0.004 0.536 0.104 1.204 0.085 0.673 -0.152
6.430 -0.005 0.537 0.105 1.204 0.086 0.672 -0.153
6.450 -0.006 0.537 0.106 1.204 0.087 0.671 -0.154
6.470 -0.006 0.538 0.107 1.204 0.088 0.671 -0.155
6.490 -0.007 0.539 0.108 1.204 0.089 0.670 -0.156
6.510 -0.008 0.540 0.109 1.204 0.090 0.669 -0.157
6.530 -0.008 0.540 0.110 1.204 0.091 0.669 -0.158
6.550 -0.009 0.541 0.111 1.204 0.092 0.668 -0.159
6.570 -0.010 0.542 0.112 1.204 0.093 0.667 -0.160
6.590 -0.010 0.543 0.113 1.204 0.094 0.667 -0.161
6.610 -0.011 0.543 0.114 1.204 0.095 0.666 -0.162
6.630 -0.011 0.544 0.115 1.204 0.096 0.665 -0.163
6.650 -0.012 0.545 0.116 1.204 0.097 0.665 -0.164
6.670 -0.013 0.546 0.117 1.204 0.098 0.664 -0.165
6.690 -0.013 0.547 0.118 1.204 0.099 0.663 -0.166
6.710 -0.014 0.547 0.118 1.204 0.100 0.663 -0.167
6.730 -0.014 0.548 0.119 1.204 0.101 0.662 -0.167
6.750 -0.015 0.549 0.120 1.204 0.102 0.661 -0.168
6.770 -0.015 0.550 0.121 1.204 0.103 0.660 -0.169
6.790 -0.016 0.551 0.122 1.204 0.104 0.660 -0.170
6.810 -0.016 0.552 0.122 1.204 0.105 0.659 -0.171
6.830 -0.017 0.552 0.123 1.204 0.106 0.658 -0.172
6.850 -0.017 0.553 0.124 1.204 0.106 0.657 -0.172
6.870 -0.018 0.554 0.124 1.204 0.107 0.657 -0.173
6.890 -0.018 0.555 0.125 1.204 0.108 0.656 -0.174
6.910 -0.019 0.556 0.126 1.204 0.109 0.655 -0.174
6.930 -0.019 0.557 0.126 1.204 0.110 0.654 -0.175
6.950 -0.020 0.558 0.127 1.204 0.110 0.653 -0.176
6.970 -0.020 0.558 0.127 1.204 0.111 0.653 -0.177
6.990 -0.021 0.559 0.128 1.204 0.112 0.652 -0.177
7.010 -0.021 0.560 0.129 1.204 0.113 0.651 -0.178
7.030 -0.021 0.561 0.129 1.204 0.113 0.650 -0.178
7.050 -0.022 0.562 0.129 1.204 0.114 0.649 -0.179
7.070 -0.022 0.563 0.130 1.204 0.115 0.649 -0.180
7.090 -0.022 0.564 0.130 1.204 0.115 0.648 -0.180
7.110 -0.023 0.565 0.131 1.204 0.116 0.647 -0.181
7.130 -0.023 0.566 0.131 1.204 0.117 0.646 -0.181
7.150 -0.023 0.567 0.132 1.204 0.117 0.645 -0.182
7.170 -0.024 0.567 0.132 1.204 0.118 0.644 -0.182
7.190 -0.024 0.568 0.132 1.204 0.119 0.643 -0.183
7.210 -0.024 0.569 0.132 1.204 0.119 0.643 -0.183
7.230 -0.024 0.570 0.133 1.204 0.120 0.642 -0.183
7.250 -0.025 0.571 0.133 1.204 0.120 0.641 -0.184
7.270 -0.025 0.572 0.133 1.204 0.121 0.640 -0.184
7.290 -0.025 0.573 0.133 1.204 0.121 0.639 -0.185
7.310 -0.025 0.574 0.134 1.204 0.122 0.638 -0.185
7.330 -0.026 0.575 0.134 1.204 0.122 0.637 -0.185
7.350 -0.026 0.576 0.134 1.204 0.123 0.636 -0.186
7.370 -0.026 0.577 0.134 1.204 0.123 0.635 -0.186
7.390 -0.026 0.578 0.134 1.204 0.123 0.635 -0.186
7.410 -0.026 0.579 0.134 1.204 0.124 0.634 -0.187
7.430 -0.026 0.579 0.134 1.204 0.124 0.633 -0.187
7.450 -0.026 0.580 0.134 1.204 0.125 0.632 -0.187
7.470 -0.026 0.581 0.134 1.204 0.125 0.631 -0.187
7.490 -0.026 0.582 0.134 1.204 0.125 0.630 -0.187
7.510 -0.026 0.583 0.134 1.204 0.126 0.629 -0.188
7.530 -0.026 0.584 0.134 1.204 0.126 0.628 -0.188
7.550 -0.026 0.585 0.134 1.204 0.126 0.627 -0.188
7.570 -0.026 0.586 0.134 1.204 0.126 0.626 -0.188
7.590 -0.026 0.587 0.134 1.204 0.127 0.625 -0.188
7.610 -0.026 0.588 0.134 1.204 0.127 0.624 -0.188
7.630 -0.026 0.589 0.134 1.204 0.127 0.624 -0.188
7.650 -0.026 0.590 0.133 1.204 0.127 0.623 -0.188
7.670 -0.026 0.591 0.133 1.204 0.127 0.622 -0.188
7.690 -0.026 0.592 0.133 1.204 0.127 0.621 -0.189
7.710 -0.026 0.593 0.133 1.204 0.128 0.620 -0.189
7.730 -0.026 0.593 0.132 1.204 0.128 0.619 -0.188
7.750 -0.026 0.594 0.132 1.204 0.128 0.618 -0.188
7.770 -0.025 0.595 0.132 1.204 0.128 0.617 -0.188
7.790 -0.025 0.596 0.132 1.204 0.128 0.616 -0.188
7.810 -0.025 0.597 0.131 1.204 0.128 0.615 -0.188
7.830 -0.025 0.598 0.131 1.204 0.128 0.614 -0.188
7.850 -0.024 0.599 0.130 1.204 0.128 0.613 -0.188
7.870 -0.024 0.600 0.130 1.204 0.128 0.612 -0.188
7.890 -0.024 0.601 0.130 1.204 0.128 0.611 -0.188
7.910 -0.024 0.602 0.129 1.204 0.128 0.610 -0.188
7.930 -0.023 0.603 0.129 1.204 0.128 0.609 -0.188
7.950 -0.023 0.604 0.128 1.204 0.127 0.609 -0.187
7.970 -0.023 0.604 0.128 1.204 0.127 0.608 -0.187
7.990 -0.022 0.605 0.127 1.204 0.127 0.607 -0.187
8.010 -0.022 0.606 0.127 1.204 0.127 0.606 -0.187
8.030 -0.021 0.607 0.126 1.204 0.127 0.605 -0.187
8.050 -0.021 0.608 0.126 1.204 0.126 0.604 -0.186
8.070 -0.021 0.609 0.125 1.204 0.126 0.603 -0.186
8.090 -0.020 0.610 0.124 1.204 0.126 0.602 -0.186
8.110 -0.020 0.611 0.124 1.204 0.126 0.601 -0.186
8.130 -0.019 0.611 0.123 1.204 0.125 0.600 -0.185
8.150 -0.019 0.612 0.123 1.204 0.125 0.599 -0.185
8.170 -0.018 0.613 0.122 1.204 0.124 0.598 -0.185
8.190 -0.018 0.614 0.121 1.204 0.124 0.597 -0.184
8.210 -0.017 0.615 0.120 1.204 0.124 0.597 -0.184
8.230 -0.016 0.616 0.120 1.204 0.123 0.596 -0.184
8.250 -0.016 0.616 0.119 1.204 0.123 0.595 -0.183
8.270 -0.015 0.617 0.118 1.204 0.122 0.594 -0.183
8.290 -0.015 0.618 0.117 1.204 0.122 0.593 -0.182
8.310 -0.014 0.619 0.117 1.204 0.121 0.592 -0.182
8.330 -0.013 0.620 0.116 1.204 0.121 0.591 -0.182
8.350 -0.013 0.621 0.115 1.204 0.120 0.590 -0.181
8.370 -0.012 0.621 0.114 1.204 0.120 0.589 -0.181
8.390 -0.011 0.622 0.113 1.204 0.119 0.589 -0.180
8.410 -0.011 0.623 0.113 1.204 0.118 0.588 -0.180
8.430 -0.010 0.624 0.112 1.204 0.118 0.587 -0.179
8.450 -0.009 0.624 0.111 1.204 0.117 0.586 -0.179
8.470 -0.008 0.625 0.110 1.204 0.116 0.585 -0.178
8.490 -0.007 0.626 0.109 1.204 0.116 0.584 -0.178
8.510 -0.007 0.627 0.108 1.204 0.115 0.583 -0.177
8.530 -0.006 0.627 0.107 1.204 0.114 0.583 -0.177
8.550 -0.005 0.628 0.106 1.204 0.113 0.582 -0.176
8.570 -0.004 0.629 0.105 1.204 0.113 0.581 -0.175
8.590 -0.003 0.630 0.104 1.204 0.112 0.580 -0.175
8.610 -0.002 0.630 0.103 1.204 0.111 0.579 -0.174
8.630 -0.001 0.631 0.102 1.204 0.110 0.579 -0.174
8.650 -0.000 0.632 0.101 1.204 0.109 0.578 -0.173
8.670 0.001 0.632 0.100 1.204 0.108 0.577 -0.172
8.690 0.002 0.633 0.099 1.204 0.108 0.576 -0.172
8.710 0.003 0.634 0.098 1.204 0.107 0.575 -0.171
8.730 0.004 0.634 0.097 1.204 0.106 0.575 -0.171
8.750 0.005 0.635 0.096 1.204 0.105 0.574 -0.170
8.770 0.006 0.636 0.095 1.204 0.104 0.573 -0.169
8.790 0.007 0.636 0.094 1.204 0.103 0.572 -0.169
8.810 0.008 0.637 0.093 1.204 0.102 0.572 -0.168
8.830 0.009 0.638 0.091 1.204 0.101 0.571 -0.167
8.850 0.010 0.638 0.090 1.204 0.100 0.570 -0.166
8.870 0.011 0.639 0.089 1.204 0.099 0.570 -0.166
8.890 0.012 0.640 0.088 1.204 0.098 0.569 -0.165
8.910 0.013 0.640 0.087 1.204 0.096 0.568 -0.164
8.930 0.014 0.641 0.086 1.204 0.095 0.567 -0.164
8.950 0.016 0.641 0.084 1.204 0.094 0.567 -0.163
8.970 0.017 0.642 0.083 1.204 0.093 0.566 -0.162
8.990 0.018 0.642 0.082 1.204 0.092 0.565 -0.161
9.010 0.019 0.643 0.081 1.204 0.091 0.565 -0.160
9.030 0.020 0.644 0.080 1.204 0.089 0.564 -0.160
9.050 0.022 0.644 0.078 1.204 0.088 0.564 -0.159
9.070 0.023 0.645 0.077 1.204 0.087 0.563 -0.158
9.090 0.024 0.645 0.076 1.204 0.086 0.562 -0.157
9.110 0.025 0.646 0.075 1.204 0.084 0.562 -0.157
9.130 0.027 0.646 0.073 1.204 0.083 0.561 -0.156
9.150 0.028 0.647 0.072 1.204 0.082 0.560 -0.155
9.170 0.029 0.647 0.071 1.204 0.080 0.560 -0.154
9.190 0.031 0.648 0.070 1.204 0.079 0.559 -0.153
9.210 0.032 0.648 0.068 1.204 0.078 0.559 -0.152
9.230 0.033 0.649 0.067 1.204 0.076 0.558 -0.152
9.250 0.035 0.649 0.066 1.204 0.075 0.558 -0.151
9.270 0.036 0.649 0.064 1.204 0.074 0.557 -0.150
9.290 0.038 0.650 0.063 1.204 0.072 0.557 -0.149
9.310 0.039 0.650 0.062 1.204 0.071 0.556 -0.148
9.330 0.040 0.651 0.060 1.204 0.069 0.556 -0.147
9.350 0.042 0.651 0.059 1.204 0.068 0.555 -0.146
9.370 0.043 0.652 0.058 1.204 0.066 0.555 -0.146
9.390 0.045 0.652 0.056 1.204 0.065 0.554 -0.145
9.410 0.046 0.652 0.055 1.204 0.063 0.554 -0.144
9.430 0.048 0.653 0.054 1.204 0.062 0.553 -0.143
9.450 0.049 0.653 0.052 1.204 0.060 0.553 -0.142
9.470 0.051 0.653 0.051 1.204 0.059 0.552 -0.141
9.490 0.052 0.654 0.050 1.204 0.057 0.552 -0.140
9.510 0.054 0.654 0.048 1.204 0.056 0.552 -0.139
9.530 0.055 0.654 0.047 1.204 0.054 0.551 -0.138
9.550 0.057 0.655 0.045 1.204 0.053 0.551 -0.138
9.570 0.058 0.655 0.044 1.204 0.051 0.550 -0.137
9.590 0.060 0.655 0.043 1.204 0.050 0.550 -0.136
9.610 0.061 0.656 0.041 1.204 0.048 0.550 -0.135
9.630 0.063 0.656 0.040 1.204 0.046 0.549 -0.134
9.650 0.064 0.656 0.038 1.204 0.045 0.549 -0.133
9.670 0.066 0.656 0.037 1.204 0.043 0.549 -0.132
9.690 0.067 0.657 0.036 1.204 0.042 0.549 -0.131
9.710 0.069 0.657 0.034 1.204 0.040 0.548 -0.130
9.730 0.071 0.657 0.033 1.204 0.038 0.548 -0.129
9.750 0.072 0.657 0.031 1.204 0.037 0.548 -0.128
9.770 0.074 0.657 0.030 1.204 0.035 0.547 -0.127
9.790 0.075 0.658 0.028 1.204 0.033 0.547 -0.126
9.810 0.077 0.658 0.027 1.204 0.032 0.547 -0.125
9.830 0.079 0.658 0.026 1.204 0.030 0.547 -0.125
9.850 0.080 0.658 0.024 1.204 0.028 0.547 -0.124
9.870 0.082 0.658 0.023 1.204 0.027 0.546 -0.123
9.890 0.084 0.658 0.021 1.204 0.025 0.546 -0.122
9.910 0.085 0.659 0.020 1.204 0.023 0.546 -0.121
9.930 0.087 0.659 0.018 1.204 0.021 0.546 -0.120
9.950 0.089 0.659 0.016 1.204 0.019 0.546 -0.118
9.970 0.091 0.659 0.014 1.204 0.017 0.546 -0.117
9.990 0.093 0.659 0.013 1.204 0.015 0.545 -0.116
10.010 0.093 0.659 0.012 1.204 0.015 0.545 -0.116
10.020 0.093 0.659 0.012 1.204 0.015 0.545 -0.116
