0.000 -0.000 0.685 -0.000 1.197 0.000 0.512 0.000
0.010 -0.000 0.685 -0.000 1.197 0.000 0.512 0.000
0.030 0.001 0.685 -0.001 1.197 -0.001 0.512 0.000
0.050 0.003 0.685 -0.002 1.197 -0.003 0.512 0.001
0.070 0.006 0.685 -0.005 1.197 -0.006 0.512 0.003
0.090 0.009 0.685 -0.007 1.197 -0.009 0.512 0.004
0.110 0.012 0.685 -0.009 1.197 -0.012 0.512 0.006
0.130 0.015 0.685 -0.011 1.197 -0.015 0.512 0.007
0.150 0.017 0.685 -0.013 1.197 -0.017 0.512 0.008
0.170 0.020 0.685 -0.015 1.197 -0.020 0.512 0.009
0.190 0.022 0.685 -0.017 1.197 -0.022 0.512 0.010
0.210 0.025 0.685 -0.019 1.197 -0.024 0.512 0.011
0.230 0.027 0.684 -0.021 1.197 -0.027 0.512 0.012
0.250 0.030 0.684 -0.023 1.197 -0.029 0.513 0.013
0.270 0.032 0.684 -0.025 1.197 -0.032 0.513 0.015
0.290 0.035 0.684 -0.026 1.197 -0.034 0.513 0.016
0.310 0.037 0.684 -0.028 1.197 -0.037 0.513 0.017
0.330 0.039 0.684 -0.030 1.197 -0.039 0.514 0.018
0.350 0.042 0.683 -0.032 1.197 -0.041 0.514 0.019
0.370 0.044 0.683 -0.034 1.197 -0.044 0.514 0.020
0.390 0.047 0.683 -0.036 1.197 -0.046 0.514 0.021
0.410 0.049 0.683 -0.038 1.197 -0.048 0.515 0.022
0.430 0.051 0.683 -0.040 1.197 -0.051 0.515 0.023
0.450 0.054 0.682 -0.042 1.197 -0.053 0.515 0.025
0.470 0.056 0.682 -0.043 1.197 -0.055 0.516 0.026
0.490 0.059 0.682 -0.045 1.197 -0.058 0.516 0.027
0.510 0.061 0.681 -0.047 1.197 -0.060 0.517 0.028
0.530 0.063 0.681 -0.049 1.197 -0.062 0.517 0.029
0.550 0.066 0.681 -0.051 1.197 -0.065 0.517 0.030
0.570 0.068 0.680 -0.053 1.197 -0.067 0.518 0.031
0.590 0.070 0.680 -0.055 1.197 -0.069 0.518 0.032
0.610 0.073 0.680 -0.056 1.197 -0.071 0.519 0.033
0.630 0.075 0.679 -0.058 1.197 -0.074 0.519 0.034
0.650 0.077 0.679 -0.060 1.197 -0.076 0.520 0.035
0.670 0.080 0.679 -0.062 1.197 -0.078 0.520 0.037
0.690 0.082 0.678 -0.064 1.197 -0.080 0.521 0.038
0.710 0.084 0.678 -0.066 1.197 -0.083 0.521 0.039
0.730 0.086 0.677 -0.067 1.197 -0.085 0.522 0.040
0.750 0.088 0.677 -0.069 1.197 -0.087 0.523 0.041
0.770 0.091 0.676 -0.071 1.197 -0.089 0.523 0.042
0.790 0.093 0.676 -0.073 1.197 -0.091 0.524 0.043
0.810 0.095 0.676 -0.075 1.197 -0.093 0.524 0.044
0.830 0.097 0.675 -0.076 1.197 -0.095 0.525 0.045
0.850 0.099 0.675 -0.078 1.197 -0.097 0.526 0.046
0.870 0.101 0.674 -0.080 1.197 -0.099 0.526 0.047
0.890 0.104 0.673 -0.082 1.197 -0.101 0.527 0.048
0.910 0.106 0.673 -0.084 1.197 -0.103 0.528 0.049
0.930 0.108 0.672 -0.085 1.197 -0.105 0.529 0.050
0.950 0.110 0.672 -0.087 1.197 -0.107 0.529 0.051
0.970 0.112 0.671 -0.089 1.197 -0.109 0.530 0.052
0.990 0.114 0.671 -0.091 1.197 -0.111 0.531 0.053
1.010 0.116 0.670 -0.092 1.197 -0.113 0.532 0.054
1.030 0.118 0.669 -0.094 1.197 -0.115 0.532 0.055
1.050 0.120 0.669 -0.096 1.197 -0.117 0.533 0.056
1.070 0.122 0.668 -0.097 1.197 -0.119 0.534 0.057
1.090 0.124 0.668 -0.099 1.197 -0.121 0.535 0.058
1.110 0.126 0.667 -0.101 1.197 -0.122 0.536 0.059
1.130 0.128 0.666 -0.103 1.197 -0.124 0.536 0.060
1.150 0.130 0.666 -0.104 1.197 -0.126 0.537 0.061
1.170 0.131 0.665 -0.106 1.197 -0.128 0.538 0.062
1.190 0.133 0.664 -0.108 1.197 -0.129 0.539 0.063
1.210 0.135 0.663 -0.109 1.197 -0.131 0.540 0.064
1.230 0.137 0.663 -0.111 1.197 -0.133 0.541 0.065
1.250 0.139 0.662 -0.113 1.197 -0.134 0.542 0.066
1.270 0.140 0.661 -0.114 1.197 -0.136 0.543 0.066
1.290 0.142 0.660 -0.116 1.197 -0.137 0.544 0.067
1.310 0.144 0.660 -0.117 1.197 -0.139 0.545 0.068
1.330 0.146 0.659 -0.119 1.197 -0.141 0.546 0.069
1.350 0.147 0.658 -0.121 1.197 -0.142 0.547 0.070
1.370 0.149 0.657 -0.122 1.197 -0.144 0.548 0.071
1.390 0.151 0.656 -0.124 1.197 -0.145 0.549 0.072
1.410 0.152 0.656 -0.125 1.197 -0.146 0.550 0.073
1.430 0.154 0.655 -0.127 1.197 -0.148 0.551 0.073
1.450 0.155 0.654 -0.128 1.197 -0.149 0.552 0.074
1.470 0.157 0.653 -0.130 1.197 -0.150 0.553 0.075
1.490 0.158 0.652 -0.131 1.197 -0.152 0.554 0.076
1.510 0.160 0.651 -0.133 1.197 -0.153 0.555 0.077
1.530 0.161 0.650 -0.134 1.197 -0.154 0.556 0.077
1.550 0.163 0.649 -0.136 1.197 -0.156 0.557 0.078
1.570 0.164 0.648 -0.137 1.197 -0.157 0.558 0.079
1.590 0.166 0.647 -0.139 1.197 -0.158 0.559 0.080
1.610 0.167 0.647 -0.140 1.197 -0.159 0.561 0.080
1.630 0.168 0.646 -0.142 1.197 -0.160 0.562 0.081
1.650 0.170 0.645 -0.143 1.197 -0.161 0.563 0.082
1.670 0.171 0.644 -0.144 1.197 -0.162 0.564 0.082
1.690 0.172 0.643 -0.146 1.197 -0.163 0.565 0.083
1.710 0.173 0.642 -0.147 1.197 -0.164 0.566 0.084
1.730 0.175 0.641 -0.149 1.197 -0.165 0.568 0.084
1.750 0.176 0.640 -0.150 1.197 -0.166 0.569 0.085
1.770 0.177 0.639 -0.151 1.197 -0.167 0.570 0.086
1.790 0.178 0.638 -0.152 1.197 -0.168 0.571 0.086
1.810 0.179 0.637 -0.154 1.197 -0.169 0.572 0.087
1.830 0.180 0.635 -0.155 1.197 -0.170 0.574 0.088
1.850 0.181 0.634 -0.156 1.197 -0.170 0.575 0.088
1.870 0.183 0.633 -0.157 1.197 -0.171 0.576 0.089
1.890 0.184 0.632 -0.159 1.197 -0.172 0.577 0.089
1.910 0.185 0.631 -0.160 1.197 -0.173 0.579 0.090
1.930 0.186 0.630 -0.161 1.197 -0.173 0.580 0.090
1.950 0.187 0.629 -0.162 1.197 -0.174 0.581 0.091
1.970 0.187 0.628 -0.163 1.197 -0.174 0.582 0.091
1.990 0.188 0.627 -0.164 1.197 -0.175 0.584 0.092
2.010 0.189 0.626 -0.165 1.197 -0.176 0.585 0.092
2.030 0.190 0.624 -0.166 1.197 -0.176 0.586 0.093
2.050 0.191 0.623 -0.168 1.197 -0.177 0.587 0.093
2.070 0.192 0.622 -0.169 1.197 -0.177 0.589 0.093
2.090 0.193 0.621 -0.170 1.197 -0.177 0.590 0.094
2.110 0.193 0.620 -0.171 1.197 -0.178 0.591 0.094
2.130 0.194 0.618 -0.172 1.197 -0.178 0.593 0.094
2.150 0.195 0.617 -0.172 1.197 -0.178 0.594 0.095
2.170 0.195 0.616 -0.173 1.197 -0.179 0.595 0.095
2.190 0.196 0.615 -0.174 1.197 -0.179 0.596 0.095
2.210 0.197 0.614 -0.175 1.197 -0.179 0.598 0.096
2.230 0.197 0.612 -0.176 1.197 -0.179 0.599 0.096
2.250 0.198 0.611 -0.177 1.197 -0.180 0.600 0.096
2.270 0.198 0.610 -0.178 1.197 -0.180 0.602 0.096
2.290 0.199 0.609 -0.178 1.197 -0.180 0.603 0.097
2.310 0.199 0.608 -0.179 1.197 -0.180 0.604 0.097
2.330 0.200 0.606 -0.180 1.197 -0.180 0.606 0.097
2.350 0.200 0.605 -0.181 1.197 -0.180 0.607 0.097
2.370 0.201 0.604 -0.181 1.197 -0.180 0.608 0.097
2.390 0.201 0.602 -0.182 1.197 -0.180 0.610 0.097
2.410 0.202 0.601 -0.182 1.197 -0.180 0.611 0.097
2.430 0.202 0.600 -0.183 1.197 -0.180 0.612 0.097
2.450 0.202 0.599 -0.184 1.197 -0.180 0.614 0.097
2.470 0.203 0.597 -0.184 1.197 -0.180 0.615 0.097
2.490 0.203 0.596 -0.185 1.197 -0.179 0.616 0.097
2.510 0.203 0.595 -0.185 1.197 -0.179 0.618 0.097
2.530 0.203 0.594 -0.186 1.197 -0.179 0.619 0.097
2.550 0.204 0.592 -0.186 1.197 -0.179 0.620 0.097
2.570 0.204 0.591 -0.186 1.197 -0.178 0.621 0.097
2.590 0.204 0.590 -0.187 1.197 -0.178 0.623 0.097
2.610 0.204 0.588 -0.187 1.197 -0.178 0.624 0.097
2.630 0.204 0.587 -0.188 1.197 -0.177 0.625 0.097
2.650 0.204 0.586 -0.188 1.197 -0.177 0.627 0.097
2.670 0.204 0.584 -0.188 1.197 -0.177 0.628 0.096
2.690 0.205 0.583 -0.188 1.197 -0.176 0.629 0.096
2.710 0.205 0.582 -0.189 1.197 -0.176 0.631 0.096
2.730 0.205 0.580 -0.189 1.197 -0.175 0.632 0.096
2.750 0.205 0.579 -0.189 1.197 -0.175 0.633 0.095
2.770 0.205 0.578 -0.189 1.197 -0.174 0.634 0.095
2.790 0.205 0.576 -0.189 1.197 -0.173 0.636 0.095
2.810 0.204 0.575 -0.189 1.197 -0.173 0.637 0.094
2.830 0.204 0.574 -0.189 1.197 -0.172 0.638 0.094
2.850 0.204 0.573 -0.189 1.197 -0.172 0.639 0.093
2.870 0.204 0.571 -0.189 1.197 -0.171 0.641 0.093
2.890 0.204 0.570 -0.189 1.197 -0.170 0.642 0.092
2.910 0.204 0.569 -0.189 1.197 -0.169 0.643 0.092
2.930 0.204 0.567 -0.189 1.197 -0.169 0.644 0.091
2.950 0.203 0.566 -0.189 1.197 -0.168 0.646 0.091
2.970 0.203 0.565 -0.188 1.197 -0.167 0.647 0.090
2.990 0.203 0.563 -0.188 1.197 -0.166 0.648 0.090
3.010 0.203 0.562 -0.188 1.197 -0.165 0.649 0.089
3.030 0.202 0.561 -0.188 1.197 -0.165 0.650 0.088
3.050 0.202 0.559 -0.187 1.197 -0.164 0.652 0.088
3.070 0.202 0.558 -0.187 1.197 -0.163 0.653 0.087
3.090 0.201 0.557 -0.187 1.197 -0.162 0.654 0.086
3.110 0.201 0.556 -0.186 1.197 -0.161 0.655 0.086
3.130 0.201 0.554 -0.186 1.197 -0.160 0.656 0.085
3.150 0.200 0.553 -0.185 1.197 -0.159 0.658 0.084
3.170 0.200 0.552 -0.185 1.197 -0.158 0.659 0.083
3.190 0.199 0.550 -0.184 1.197 -0.157 0.660 0.082
3.210 0.199 0.549 -0.184 1.197 -0.156 0.661 0.082
3.230 0.198 0.548 -0.183 1.197 -0.155 0.662 0.081
3.250 0.198 0.547 -0.182 1.197 -0.154 0.663 0.080
3.270 0.197 0.545 -0.182 1.197 -0.153 0.664 0.079
3.290 0.197 0.544 -0.181 1.197 -0.152 0.665 0.078
3.310 0.196 0.543 -0.180 1.197 -0.150 0.666 0.077
3.330 0.196 0.542 -0.179 1.197 -0.149 0.668 0.076
3.350 0.195 0.541 -0.179 1.197 -0.148 0.669 0.075
3.370 0.195 0.539 -0.178 1.197 -0.147 0.670 0.074
3.390 0.194 0.538 -0.177 1.197 -0.146 0.671 0.073
3.410 0.193 0.537 -0.176 1.197 -0.144 0.672 0.072
3.430 0.193 0.536 -0.175 1.197 -0.143 0.673 0.070
3.450 0.192 0.534 -0.174 1.197 -0.142 0.674 0.069
3.470 0.192 0.533 -0.173 1.197 -0.141 0.675 0.068
3.490 0.191 0.532 -0.172 1.197 -0.139 0.676 0.067
3.510 0.190 0.531 -0.171 1.197 -0.138 0.677 0.066
3.530 0.189 0.530 -0.170 1.197 -0.137 0.678 0.064
3.550 0.189 0.529 -0.169 1.197 -0.135 0.679 0.063
3.570 0.188 0.528 -0.168 1.197 -0.134 0.680 0.062
3.590 0.187 0.526 -0.167 1.197 -0.133 0.681 0.060
3.610 0.187 0.525 -0.165 1.197 -0.131 0.682 0.059
3.630 0.186 0.524 -0.164 1.197 -0.130 0.683 0.058
3.650 0.185 0.523 -0.163 1.197 -0.129 0.683 0.056
3.670 0.184 0.522 -0.162 1.197 -0.127 0.684 0.055
3.690 0.183 0.521 -0.160 1.197 -0.126 0.685 0.053
3.710 0.183 0.520 -0.159 1.197 -0.124 0.686 0.052
3.730 0.182 0.519 -0.157 1.197 -0.123 0.687 0.050
3.750 0.181 0.518 -0.156 1.197 -0.121 0.688 0.049
3.770 0.180 0.517 -0.155 1.197 -0.120 0.689 0.047
3.790 0.179 0.516 -0.153 1.197 -0.118 0.690 0.046
3.810 0.178 0.515 -0.152 1.197 -0.117 0.690 0.044
3.830 0.178 0.514 -0.150 1.197 -0.115 0.691 0.042
3.850 0.177 0.513 -0.148 1.197 -0.114 0.692 0.041
3.870 0.176 0.512 -0.147 1.197 -0.112 0.693 0.039
3.890 0.175 0.511 -0.145 1.197 -0.111 0.694 0.037
3.910 0.174 0.510 -0.144 1.197 -0.109 0.694 0.036
3.930 0.173 0.509 -0.142 1.197 -0.108 0.695 0.034
3.950 0.172 0.508 -0.140 1.197 -0.106 0.696 0.032
3.970 0.171 0.507 -0.139 1.197 -0.105 0.697 0.030
3.990 0.170 0.506 -0.137 1.197 -0.103 0.697 0.029
4.010 0.169 0.505 -0.135 1.197 -0.101 0.698 0.027
4.030 0.168 0.504 -0.133 1.197 -0.100 0.699 0.025
4.050 0.167 0.503 -0.131 1.197 -0.098 0.699 0.023
4.070 0.166 0.503 -0.129 1.197 -0.097 0.700 0.021
4.090 0.166 0.502 -0.128 1.197 -0.095 0.701 0.019
4.110 0.165 0.501 -0.126 1.197 -0.093 0.701 0.017
4.130 0.164 0.500 -0.124 1.197 -0.092 0.702 0.015
4.150 0.163 0.499 -0.122 1.197 -0.090 0.703 0.013
4.170 0.162 0.498 -0.120 1.197 -0.089 0.703 0.011
4.190 0.161 0.498 -0.118 1.197 -0.087 0.704 0.009
4.210 0.160 0.497 -0.116 1.197 -0.085 0.704 0.007
4.230 0.158 0.496 -0.114 1.197 -0.084 0.705 0.005
4.250 0.157 0.495 -0.112 1.197 -0.082 0.706 0.003
4.270 0.156 0.495 -0.110 1.197 -0.080 0.706 0.001
4.290 0.155 0.494 -0.108 1.197 -0.078 0.707 -0.001
4.310 0.154 0.493 -0.105 1.197 -0.077 0.707 -0.003
4.330 0.153 0.493 -0.103 1.197 -0.075 0.708 -0.005
4.350 0.152 0.492 -0.101 1.197 -0.073 0.708 -0.007
4.370 0.151 0.491 -0.099 1.197 -0.072 0.709 -0.009
4.390 0.150 0.491 -0.097 1.197 -0.070 0.709 -0.012
4.410 0.149 0.490 -0.095 1.197 -0.068 0.710 -0.014
4.430 0.148 0.490 -0.092 1.197 -0.067 0.710 -0.016
4.450 0.147 0.489 -0.090 1.197 -0.065 0.711 -0.018
4.470 0.146 0.488 -0.088 1.197 -0.063 0.711 -0.020
4.490 0.145 0.488 -0.086 1.197 -0.061 0.711 -0.023
4.510 0.144 0.487 -0.083 1.197 -0.060 0.712 -0.025
4.530 0.143 0.487 -0.081 1.197 -0.058 0.712 -0.027
4.550 0.142 0.486 -0.079 1.197 -0.056 0.713 -0.030
4.570 0.140 0.486 -0.076 1.197 -0.054 0.713 -0.032
4.590 0.139 0.485 -0.074 1.197 -0.053 0.713 -0.034
4.610 0.138 0.485 -0.071 1.197 -0.051 0.714 -0.037
4.630 0.137 0.484 -0.069 1.197 -0.049 0.714 -0.039
4.650 0.136 0.484 -0.067 1.197 -0.047 0.714 -0.041
4.670 0.135 0.483 -0.064 1.197 -0.046 0.715 -0.044
4.690 0.134 0.483 -0.062 1.197 -0.044 0.715 -0.046
4.710 0.133 0.483 -0.059 1.197 -0.042 0.715 -0.048
4.730 0.132 0.482 -0.057 1.197 -0.040 0.715 -0.051
4.750 0.131 0.482 -0.054 1.197 -0.038 0.716 -0.053
4.770 0.129 0.482 -0.052 1.197 -0.037 0.716 -0.056
4.790 0.128 0.481 -0.050 1.197 -0.035 0.716 -0.058
4.810 0.127 0.481 -0.047 1.197 -0.033 0.716 -0.060
4.830 0.126 0.481 -0.045 1.197 -0.031 0.717 -0.063
4.850 0.125 0.480 -0.042 1.197 -0.030 0.717 -0.065
4.870 0.124 0.480 -0.040 1.197 -0.028 0.717 -0.068
4.890 0.123 0.480 -0.037 1.197 -0.026 0.717 -0.070
4.910 0.122 0.480 -0.034 1.197 -0.024 0.717 -0.073
4.930 0.121 0.480 -0.032 1.197 -0.022 0.718 -0.075
4.950 0.119 0.479 -0.029 1.197 -0.021 0.718 -0.078
4.970 0.118 0.479 -0.027 1.197 -0.019 0.718 -0.080
4.990 0.117 0.479 -0.024 1.197 -0.017 0.718 -0.083
5.010 0.116 0.479 -0.022 1.197 -0.015 0.718 -0.085
5.030 0.115 0.479 -0.019 1.197 -0.013 0.718 -0.088
5.050 0.114 0.479 -0.017 1.197 -0.012 0.718 -0.090
5.070 0.113 0.479 -0.014 1.197 -0.010 0.718 -0.093
5.090 0.112 0.478 -0.012 1.197 -0.008 0.718 -0.095
5.110 0.110 0.478 -0.009 1.197 -0.006 0.718 -0.098
5.130 0.109 0.478 -0.006 1.197 -0.004 0.718 -0.100
5.150 0.108 0.478 -0.004 1.197 -0.003 0.718 -0.103
5.170 0.107 0.478 -0.001 1.197 -0.001 0.718 -0.105
5.190 0.106 0.478 0.001 1.197 0.001 0.718 -0.108
5.210 0.105 0.478 0.004 1.197 0.003 0.718 -0.110
5.230 0.104 0.478 0.007 1.197 0.005 0.718 -0.113
5.250 0.103 0.478 0.009 1.197 0.006 0.718 -0.115
5.270 0.101 0.478 0.012 1.197 0.008 0.718 -0.118
5.290 0.100 0.478 0.014 1.197 0.010 0.718 -0.120
5.310 0.099 0.479 0.017 1.197 0.012 0.718 -0.123
5.330 0.098 0.479 0.019 1.197 0.014 0.718 -0.125
5.350 0.097 0.479 0.022 1.197 0.015 0.718 -0.128
5.370 0.096 0.479 0.024 1.197 0.017 0.718 -0.130
5.390 0.095 0.479 0.027 1.197 0.019 0.718 -0.133
5.410 0.094 0.479 0.030 1.197 0.021 0.718 -0.135
5.430 0.092 0.480 0.032 1.197 0.023 0.718 -0.138
5.450 0.091 0.480 0.035 1.197 0.024 0.717 -0.140
5.470 0.090 0.480 0.037 1.197 0.026 0.717 -0.143
5.490 0.089 0.480 0.040 1.197 0.028 0.717 -0.145
5.510 0.088 0.480 0.042 1.197 0.030 0.717 -0.148
5.530 0.087 0.481 0.045 1.197 0.031 0.717 -0.150
5.550 0.086 0.481 0.047 1.197 0.033 0.716 -0.153
5.570 0.085 0.481 0.050 1.197 0.035 0.716 -0.155
5.590 0.084 0.482 0.052 1.197 0.037 0.716 -0.158
5.610 0.082 0.482 0.055 1.197 0.039 0.716 -0.160
5.630 0.081 0.482 0.057 1.197 0.040 0.715 -0.162
5.650 0.080 0.483 0.060 1.197 0.042 0.715 -0.165
5.670 0.079 0.483 0.062 1.197 0.044 0.715 -0.167
5.690 0.078 0.484 0.064 1.197 0.046 0.715 -0.170
5.710 0.077 0.484 0.067 1.197 0.047 0.714 -0.172
5.730 0.076 0.484 0.069 1.197 0.049 0.714 -0.174
5.750 0.075 0.485 0.072 1.197 0.051 0.714 -0.177
5.770 0.074 0.485 0.074 1.197 0.053 0.713 -0.179
5.790 0.073 0.486 0.076 1.197 0.054 0.713 -0.181
5.810 0.072 0.486 0.079 1.197 0.056 0.713 -0.184
5.830 0.070 0.487 0.081 1.197 0.058 0.712 -0.186
5.850 0.069 0.487 0.083 1.197 0.060 0.712 -0.188
5.870 0.068 0.488 0.086 1.197 0.061 0.711 -0.190
5.890 0.067 0.488 0.088 1.197 0.063 0.711 -0.193
5.910 0.066 0.489 0.090 1.197 0.065 0.711 -0.195
5.930 0.065 0.490 0.092 1.197 0.067 0.710 -0.197
5.950 0.064 0.490 0.095 1.197 0.068 0.710 -0.199
5.970 0.063 0.491 0.097 1.197 0.070 0.709 -0.202
5.990 0.062 0.491 0.099 1.197 0.072 0.709 -0.204
6.010 0.061 0.492 0.101 1.197 0.073 0.708 -0.206
6.030 0.060 0.493 0.103 1.197 0.075 0.708 -0.208
6.050 0.059 0.493 0.106 1.197 0.077 0.707 -0.210
6.070 0.058 0.494 0.108 1.197 0.079 0.707 -0.212
6.090 0.057 0.495 0.110 1.197 0.080 0.706 -0.215
6.110 0.056 0.495 0.112 1.197 0.082 0.706 -0.217
6.130 0.055 0.496 0.114 1.197 0.084 0.705 -0.219
6.150 0.054 0.497 0.116 1.197 0.085 0.704 -0.221
6.170 0.053 0.498 0.118 1.197 0.087 0.704 -0.223
6.190 0.052 0.498 0.120 1.197 0.089 0.703 -0.225
6.210 0.051 0.499 0.122 1.197 0.090 0.703 -0.227
6.230 0.050 0.500 0.124 1.197 0.092 0.702 -0.229
6.250 0.049 0.501 0.126 1.197 0.093 0.701 -0.231
6.270 0.048 0.502 0.128 1.197 0.095 0.701 -0.233
6.290 0.047 0.503 0.130 1.197 0.097 0.700 -0.235
6.310 0.046 0.503 0.131 1.197 0.098 0.699 -0.237
6.330 0.045 0.504 0.133 1.197 0.100 0.699 -0.238
6.350 0.044 0.505 0.135 1.197 0.102 0.698 -0.240
6.370 0.043 0.506 0.137 1.197 0.103 0.697 -0.242
6.390 0.042 0.507 0.139 1.197 0.105 0.697 -0.244
6.410 0.041 0.508 0.140 1.197 0.106 0.696 -0.246
6.430 0.040 0.509 0.142 1.197 0.108 0.695 -0.248
6.450 0.040 0.510 0.144 1.197 0.109 0.694 -0.249
6.470 0.039 0.511 0.145 1.197 0.111 0.694 -0.251
6.490 0.038 0.512 0.147 1.197 0.112 0.693 -0.253
6.510 0.037 0.513 0.148 1.197 0.114 0.692 -0.254
6.530 0.036 0.514 0.150 1.197 0.115 0.691 -0.256
6.550 0.035 0.515 0.152 1.197 0.117 0.690 -0.258
6.570 0.034 0.516 0.153 1.197 0.118 0.690 -0.259
6.590 0.033 0.517 0.155 1.197 0.120 0.689 -0.261
6.610 0.033 0.518 0.156 1.197 0.121 0.688 -0.262
6.630 0.032 0.519 0.157 1.197 0.123 0.687 -0.264
6.650 0.031 0.520 0.159 1.197 0.124 0.686 -0.266
6.670 0.030 0.521 0.160 1.197 0.126 0.685 -0.267
6.690 0.029 0.522 0.161 1.197 0.127 0.684 -0.268
6.710 0.029 0.523 0.163 1.197 0.129 0.683 -0.270
6.730 0.028 0.524 0.164 1.197 0.130 0.683 -0.271
6.750 0.027 0.525 0.165 1.197 0.131 0.682 -0.273
6.770 0.026 0.526 0.167 1.197 0.133 0.681 -0.274
6.790 0.026 0.528 0.168 1.197 0.134 0.680 -0.275
6.810 0.025 0.529 0.169 1.197 0.135 0.679 -0.277
6.830 0.024 0.530 0.170 1.197 0.137 0.678 -0.278
6.850 0.024 0.531 0.171 1.197 0.138 0.677 -0.279
6.870 0.023 0.532 0.172 1.197 0.139 0.676 -0.281
6.890 0.022 0.533 0.173 1.197 0.141 0.675 -0.282
6.910 0.022 0.534 0.174 1.197 0.142 0.674 -0.283
6.930 0.021 0.536 0.175 1.197 0.143 0.673 -0.284
6.950 0.020 0.537 0.176 1.197 0.144 0.672 -0.285
6.970 0.020 0.538 0.177 1.197 0.146 0.671 -0.287
6.990 0.019 0.539 0.178 1.197 0.147 0.670 -0.288
7.010 0.019 0.540 0.179 1.197 0.148 0.669 -0.289
7.030 0.018 0.542 0.179 1.197 0.149 0.668 -0.290
7.050 0.018 0.543 0.180 1.197 0.150 0.666 -0.291
7.070 0.017 0.544 0.181 1.197 0.151 0.665 -0.292
7.090 0.016 0.545 0.182 1.197 0.153 0.664 -0.293
7.110 0.016 0.547 0.182 1.197 0.154 0.663 -0.294
7.130 0.016 0.548 0.183 1.197 0.155 0.662 -0.295
7.150 0.015 0.549 0.184 1.197 0.156 0.661 -0.296
7.170 0.015 0.550 0.184 1.197 0.157 0.660 -0.296
7.190 0.014 0.552 0.185 1.197 0.158 0.659 -0.297
7.210 0.014 0.553 0.185 1.197 0.159 0.658 -0.298
7.230 0.013 0.554 0.186 1.197 0.160 0.656 -0.299
7.250 0.013 0.556 0.186 1.197 0.161 0.655 -0.300
7.270 0.013 0.557 0.187 1.197 0.162 0.654 -0.300
7.290 0.012 0.558 0.187 1.197 0.163 0.653 -0.301
7.310 0.012 0.559 0.187 1.197 0.164 0.652 -0.302
7.330 0.012 0.561 0.188 1.197 0.165 0.651 -0.302
7.350 0.011 0.562 0.188 1.197 0.165 0.649 -0.303
7.370 0.011 0.563 0.188 1.197 0.166 0.648 -0.304
7.390 0.011 0.565 0.188 1.197 0.167 0.647 -0.304
7.410 0.011 0.566 0.189 1.197 0.168 0.646 -0.305
7.430 0.010 0.567 0.189 1.197 0.169 0.644 -0.305
7.450 0.010 0.569 0.189 1.197 0.169 0.643 -0.306
7.470 0.010 0.570 0.189 1.197 0.170 0.642 -0.306
7.490 0.010 0.571 0.189 1.197 0.171 0.641 -0.307
7.510 0.010 0.572 0.189 1.197 0.171 0.639 -0.307
7.530 0.010 0.574 0.189 1.197 0.172 0.638 -0.308
7.550 0.010 0.575 0.189 1.197 0.173 0.637 -0.308
7.570 0.009 0.576 0.189 1.197 0.173 0.636 -0.309
7.590 0.009 0.578 0.189 1.197 0.174 0.634 -0.309
7.610 0.009 0.579 0.189 1.197 0.175 0.633 -0.309
7.630 0.009 0.580 0.189 1.197 0.175 0.632 -0.310
7.650 0.010 0.582 0.189 1.197 0.176 0.631 -0.310
7.670 0.010 0.583 0.188 1.197 0.176 0.629 -0.310
7.690 0.010 0.584 0.188 1.197 0.176 0.628 -0.310
7.710 0.010 0.586 0.188 1.197 0.177 0.627 -0.311
7.730 0.010 0.587 0.188 1.197 0.177 0.625 -0.311
7.750 0.010 0.588 0.187 1.197 0.178 0.624 -0.311
7.770 0.010 0.590 0.187 1.197 0.178 0.623 -0.311
7.790 0.010 0.591 0.187 1.197 0.178 0.621 -0.311
7.810 0.010 0.592 0.186 1.197 0.179 0.620 -0.311
7.830 0.011 0.593 0.186 1.197 0.179 0.619 -0.311
7.850 0.011 0.595 0.185 1.197 0.179 0.618 -0.311
7.870 0.011 0.596 0.185 1.197 0.179 0.616 -0.311
7.890 0.011 0.597 0.184 1.197 0.180 0.615 -0.311
7.910 0.012 0.599 0.184 1.197 0.180 0.614 -0.311
7.930 0.012 0.600 0.183 1.197 0.180 0.612 -0.311
7.950 0.012 0.601 0.182 1.197 0.180 0.611 -0.311
7.970 0.013 0.602 0.182 1.197 0.180 0.610 -0.311
7.990 0.013 0.604 0.181 1.197 0.180 0.608 -0.311
8.010 0.014 0.605 0.181 1.197 0.180 0.607 -0.311
8.030 0.014 0.606 0.180 1.197 0.180 0.606 -0.311
8.050 0.015 0.607 0.179 1.197 0.180 0.604 -0.311
8.070 0.015 0.609 0.178 1.197 0.180 0.603 -0.311
8.090 0.016 0.610 0.178 1.197 0.180 0.602 -0.310
8.110 0.016 0.611 0.177 1.197 0.180 0.600 -0.310
8.130 0.017 0.612 0.176 1.197 0.179 0.599 -0.310
8.150 0.017 0.614 0.175 1.197 0.179 0.598 -0.310
8.170 0.018 0.615 0.174 1.197 0.179 0.597 -0.309
8.190 0.019 0.616 0.173 1.197 0.179 0.595 -0.309
8.210 0.019 0.617 0.172 1.197 0.178 0.594 -0.309
8.230 0.020 0.618 0.172 1.197 0.178 0.593 -0.308
8.250 0.021 0.620 0.171 1.197 0.178 0.591 -0.308
8.270 0.021 0.621 0.170 1.197 0.177 0.590 -0.308
8.290 0.022 0.622 0.169 1.197 0.177 0.589 -0.307
8.310 0.023 0.623 0.168 1.197 0.177 0.587 -0.307
8.330 0.024 0.624 0.167 1.197 0.176 0.586 -0.307
8.350 0.025 0.625 0.165 1.197 0.176 0.585 -0.306
8.370 0.026 0.627 0.164 1.197 0.175 0.584 -0.306
8.390 0.026 0.628 0.163 1.197 0.174 0.582 -0.305
8.410 0.027 0.629 0.162 1.197 0.174 0.581 -0.305
8.430 0.028 0.630 0.161 1.197 0.173 0.580 -0.304
8.450 0.029 0.631 0.160 1.197 0.173 0.579 -0.304
8.470 0.030 0.632 0.159 1.197 0.172 0.577 -0.303
8.490 0.031 0.633 0.157 1.197 0.171 0.576 -0.303
8.510 0.032 0.634 0.156 1.197 0.170 0.575 -0.302
8.530 0.033 0.635 0.155 1.197 0.170 0.574 -0.301
8.550 0.035 0.636 0.154 1.197 0.169 0.572 -0.301
8.570 0.036 0.638 0.152 1.197 0.168 0.571 -0.300
8.590 0.037 0.639 0.151 1.197 0.167 0.570 -0.300
8.610 0.038 0.640 0.150 1.197 0.166 0.569 -0.299
8.630 0.039 0.641 0.149 1.197 0.165 0.568 -0.298
8.650 0.040 0.642 0.147 1.197 0.164 0.566 -0.298
8.670 0.042 0.643 0.146 1.197 0.163 0.565 -0.297
8.690 0.043 0.644 0.144 1.197 0.162 0.564 -0.296
8.710 0.044 0.645 0.143 1.197 0.161 0.563 -0.296
8.730 0.045 0.646 0.142 1.197 0.160 0.562 -0.295
8.750 0.047 0.647 0.140 1.197 0.159 0.561 -0.294
8.770 0.048 0.647 0.139 1.197 0.158 0.560 -0.293
8.790 0.050 0.648 0.137 1.197 0.157 0.558 -0.293
8.810 0.051 0.649 0.136 1.197 0.156 0.557 -0.292
8.830 0.052 0.650 0.134 1.197 0.154 0.556 -0.291
8.850 0.054 0.651 0.133 1.197 0.153 0.555 -0.290
8.870 0.055 0.652 0.131 1.197 0.152 0.554 -0.289
8.890 0.057 0.653 0.130 1.197 0.150 0.553 -0.289
8.910 0.058 0.654 0.128 1.197 0.149 0.552 -0.288
8.930 0.060 0.655 0.127 1.197 0.148 0.551 -0.287
8.950 0.062 0.656 0.125 1.197 0.146 0.550 -0.286
8.970 0.063 0.656 0.124 1.197 0.145 0.549 -0.285
8.990 0.065 0.657 0.122 1.197 0.144 0.548 -0.284
9.010 0.066 0.658 0.121 1.197 0.142 0.547 -0.284
9.030 0.068 0.659 0.119 1.197 0.141 0.546 -0.283
9.050 0.070 0.660 0.117 1.197 0.139 0.545 -0.282
9.070 0.071 0.660 0.116 1.197 0.137 0.544 -0.281
9.090 0.073 0.661 0.114 1.197 0.136 0.543 -0.280
9.110 0.075 0.662 0.113 1.197 0.134 0.542 -0.279
9.130 0.077 0.663 0.111 1.197 0.133 0.541 -0.278
9.150 0.078 0.663 0.109 1.197 0.131 0.540 -0.277
9.170 0.080 0.664 0.108 1.197 0.129 0.539 -0.276
9.190 0.082 0.665 0.106 1.197 0.128 0.538 -0.275
9.210 0.084 0.666 0.104 1.197 0.126 0.537 -0.274
9.230 0.086 0.666 0.103 1.197 0.124 0.536 -0.273
9.250 0.088 0.667 0.101 1.197 0.122 0.536 -0.272
9.270 0.090 0.668 0.099 1.197 0.121 0.535 -0.271
9.290 0.092 0.668 0.097 1.197 0.119 0.534 -0.270
9.310 0.093 0.669 0.096 1.197 0.117 0.533 -0.269
9.330 0.095 0.669 0.094 1.197 0.115 0.532 -0.268
9.350 0.097 0.670 0.092 1.197 0.113 0.532 -0.267
9.370 0.099 0.671 0.091 1.197 0.111 0.531 -0.266
9.390 0.101 0.671 0.089 1.197 0.109 0.530 -0.265
9.410 0.104 0.672 0.087 1.197 0.107 0.529 -0.264
9.430 0.106 0.672 0.085 1.197 0.105 0.529 -0.263
9.450 0.108 0.673 0.083 1.197 0.103 0.528 -0.262
9.470 0.110 0.673 0.082 1.197 0.101 0.527 -0.261
9.490 0.112 0.674 0.080 1.197 0.099 0.526 -0.260
9.510 0.114 0.675 0.078 1.197 0.097 0.526 -0.259
9.530 0.116 0.675 0.076 1.197 0.095 0.525 -0.258
9.550 0.118 0.676 0.075 1.197 0.093 0.524 -0.257
9.570 0.120 0.676 0.073 1.197 0.091 0.524 -0.256
9.590 0.123 0.676 0.071 1.197 0.089 0.523 -0.255
9.610 0.125 0.677 0.069 1.197 0.087 0.523 -0.254
9.630 0.127 0.677 0.067 1.197 0.085 0.522 -0.253
9.650 0.129 0.678 0.065 1.197 0.082 0.521 -0.252
9.670 0.131 0.678 0.064 1.197 0.080 0.521 -0.251
9.690 0.134 0.679 0.062 1.197 0.078 0.520 -0.250
9.710 0.136 0.679 0.060 1.197 0.076 0.520 -0.249
9.730 0.138 0.679 0.058 1.197 0.074 0.519 -0.248
9.750 0.141 0.680 0.056 1.197 0.071 0.519 -0.246
9.770 0.143 0.680 0.054 1.197 0.069 0.518 -0.245
9.790 0.145 0.680 0.053 1.197 0.067 0.518 -0.244
9.810 0.148 0.681 0.051 1.197 0.065 0.517 -0.243
9.830 0.150 0.681 0.049 1.197 0.062 0.517 -0.242
9.850 0.152 0.681 0.047 1.197 0.060 0.517 -0.241
9.870 0.155 0.682 0.045 1.197 0.058 0.516 -0.240
9.890 0.157 0.682 0.043 1.197 0.055 0.516 -0.239
9.910 0.159 0.682 0.041 1.197 0.053 0.515 -0.238
9.930 0.162 0.683 0.039 1.197 0.050 0.515 -0.236
9.950 0.165 0.683 0.037 1.197 0.047 0.515 -0.235
9.970 0.168 0.683 0.034 1.197 0.044 0.514 -0.233
9.990 0.170 0.683 0.033 1.197 0.042 0.514 -0.232
10.010 0.171 0.683 0.032 1.197 0.041 0.514 -0.232
10.020 0.171 0.683 0.032 1.197 0.041 0.514 -0.232
