0.000 0.389 0.703 -0.088 1.211 -0.116 0.512 -0.221
0.010 0.389 0.703 -0.088 1.211 -0.116 0.512 -0.221
0.030 0.389 0.703 -0.088 1.211 -0.116 0.512 -0.221
0.050 0.389 0.703 -0.088 1.211 -0.116 0.512 -0.221
0.070 0.389 0.703 -0.088 1.211 -0.116 0.512 -0.221
0.090 0.388 0.703 -0.088 1.211 -0.116 0.512 -0.221
0.110 0.388 0.703 -0.087 1.211 -0.115 0.512 -0.221
0.130 0.388 0.703 -0.087 1.211 -0.115 0.512 -0.221
0.150 0.388 0.703 -0.087 1.211 -0.115 0.513 -0.221
0.170 0.388 0.703 -0.087 1.211 -0.115 0.513 -0.221
0.190 0.388 0.703 -0.087 1.211 -0.115 0.513 -0.221
0.210 0.387 0.703 -0.087 1.211 -0.114 0.513 -0.221
0.230 0.387 0.703 -0.087 1.211 -0.114 0.513 -0.221
0.250 0.387 0.703 -0.086 1.211 -0.114 0.513 -0.222
0.270 0.386 0.703 -0.086 1.211 -0.114 0.513 -0.222
0.290 0.386 0.703 -0.086 1.211 -0.113 0.513 -0.222
0.310 0.386 0.703 -0.086 1.211 -0.113 0.513 -0.222
0.330 0.385 0.703 -0.085 1.211 -0.112 0.513 -0.222
0.350 0.385 0.703 -0.085 1.211 -0.112 0.513 -0.222
0.370 0.385 0.702 -0.085 1.211 -0.112 0.513 -0.223
0.390 0.384 0.702 -0.084 1.211 -0.111 0.514 -0.223
0.410 0.384 0.702 -0.084 1.211 -0.111 0.514 -0.223
0.430 0.383 0.702 -0.084 1.211 -0.110 0.514 -0.223
0.450 0.383 0.702 -0.083 1.212 -0.110 0.514 -0.223
0.470 0.382 0.702 -0.083 1.212 -0.109 0.514 -0.224
0.490 0.382 0.702 -0.083 1.212 -0.109 0.514 -0.224
0.510 0.381 0.702 -0.082 1.212 -0.108 0.514 -0.224
0.530 0.381 0.702 -0.082 1.212 -0.108 0.514 -0.224
0.550 0.380 0.702 -0.081 1.212 -0.107 0.515 -0.225
0.570 0.379 0.701 -0.081 1.212 -0.106 0.515 -0.225
0.590 0.379 0.701 -0.080 1.212 -0.106 0.515 -0.225
0.610 0.378 0.701 -0.080 1.212 -0.105 0.515 -0.226
0.630 0.378 0.701 -0.079 1.212 -0.104 0.515 -0.226
0.650 0.377 0.701 -0.079 1.212 -0.104 0.516 -0.226
0.670 0.376 0.701 -0.079 1.212 -0.103 0.516 -0.227
0.690 0.376 0.701 -0.078 1.212 -0.102 0.516 -0.227
0.710 0.375 0.700 -0.077 1.213 -0.102 0.516 -0.227
0.730 0.374 0.700 -0.077 1.213 -0.101 0.516 -0.227
0.750 0.374 0.700 -0.076 1.213 -0.100 0.517 -0.228
0.770 0.373 0.700 -0.076 1.213 -0.099 0.517 -0.228
0.790 0.372 0.700 -0.075 1.213 -0.099 0.517 -0.229
0.810 0.371 0.700 -0.075 1.213 -0.098 0.517 -0.229
0.830 0.371 0.700 -0.074 1.213 -0.097 0.517 -0.229
0.850 0.370 0.699 -0.074 1.213 -0.096 0.518 -0.230
0.870 0.369 0.699 -0.073 1.213 -0.096 0.518 -0.230
0.890 0.368 0.699 -0.073 1.213 -0.095 0.518 -0.230
0.910 0.367 0.699 -0.072 1.214 -0.094 0.518 -0.231
0.930 0.367 0.699 -0.071 1.214 -0.093 0.519 -0.231
0.950 0.366 0.698 -0.071 1.214 -0.092 0.519 -0.231
0.970 0.365 0.698 -0.070 1.214 -0.091 0.519 -0.232
0.990 0.364 0.698 -0.070 1.214 -0.091 0.519 -0.232
1.010 0.363 0.698 -0.069 1.214 -0.090 0.520 -0.233
1.030 0.363 0.698 -0.068 1.214 -0.089 0.520 -0.233
1.050 0.362 0.698 -0.068 1.214 -0.088 0.520 -0.233
1.070 0.361 0.697 -0.067 1.214 -0.087 0.520 -0.234
1.090 0.360 0.697 -0.066 1.215 -0.086 0.521 -0.234
1.110 0.359 0.697 -0.066 1.215 -0.085 0.521 -0.235
1.130 0.358 0.697 -0.065 1.215 -0.084 0.521 -0.235
1.150 0.358 0.696 -0.065 1.215 -0.084 0.521 -0.235
1.170 0.357 0.696 -0.064 1.215 -0.083 0.522 -0.236
1.190 0.356 0.696 -0.063 1.215 -0.082 0.522 -0.236
1.210 0.355 0.696 -0.063 1.215 -0.081 0.522 -0.237
1.230 0.354 0.696 -0.062 1.215 -0.080 0.523 -0.237
1.250 0.353 0.695 -0.061 1.215 -0.079 0.523 -0.237
1.270 0.352 0.695 -0.061 1.216 -0.078 0.523 -0.238
1.290 0.352 0.695 -0.060 1.216 -0.077 0.524 -0.238
1.310 0.351 0.695 -0.059 1.216 -0.076 0.524 -0.239
1.330 0.350 0.694 -0.059 1.216 -0.076 0.524 -0.239
1.350 0.349 0.694 -0.058 1.216 -0.075 0.524 -0.239
1.370 0.348 0.694 -0.058 1.216 -0.074 0.525 -0.240
1.390 0.347 0.694 -0.057 1.216 -0.073 0.525 -0.240
1.410 0.346 0.694 -0.056 1.216 -0.072 0.525 -0.241
1.430 0.346 0.693 -0.056 1.217 -0.071 0.526 -0.241
1.450 0.345 0.693 -0.055 1.217 -0.070 0.526 -0.241
1.470 0.344 0.693 -0.054 1.217 -0.069 0.526 -0.242
1.490 0.343 0.693 -0.054 1.217 -0.069 0.527 -0.242
1.510 0.342 0.692 -0.053 1.217 -0.068 0.527 -0.243
1.530 0.341 0.692 -0.053 1.217 -0.067 0.527 -0.243
1.550 0.341 0.692 -0.052 1.217 -0.066 0.528 -0.243
1.570 0.340 0.692 -0.051 1.218 -0.065 0.528 -0.244
1.590 0.339 0.691 -0.051 1.218 -0.064 0.528 -0.244
1.610 0.338 0.691 -0.050 1.218 -0.064 0.529 -0.245
1.630 0.337 0.691 -0.050 1.218 -0.063 0.529 -0.245
1.650 0.337 0.691 -0.049 1.218 -0.062 0.529 -0.245
1.670 0.336 0.690 -0.048 1.218 -0.061 0.530 -0.246
1.690 0.335 0.690 -0.048 1.218 -0.060 0.530 -0.246
1.710 0.334 0.690 -0.047 1.218 -0.060 0.530 -0.246
1.730 0.334 0.690 -0.047 1.219 -0.059 0.531 -0.247
1.750 0.333 0.689 -0.046 1.219 -0.058 0.531 -0.247
1.770 0.332 0.689 -0.046 1.219 -0.057 0.531 -0.247
1.790 0.331 0.689 -0.045 1.219 -0.057 0.532 -0.248
1.810 0.331 0.688 -0.045 1.219 -0.056 0.532 -0.248
1.830 0.330 0.688 -0.044 1.219 -0.055 0.533 -0.248
1.850 0.329 0.688 -0.044 1.219 -0.054 0.533 -0.249
1.870 0.329 0.688 -0.043 1.219 -0.054 0.533 -0.249
1.890 0.328 0.687 -0.043 1.220 -0.053 0.534 -0.249
1.910 0.327 0.687 -0.042 1.220 -0.052 0.534 -0.250
1.930 0.327 0.687 -0.042 1.220 -0.052 0.534 -0.250
1.950 0.326 0.687 -0.041 1.220 -0.051 0.535 -0.250
1.970 0.326 0.686 -0.041 1.220 -0.051 0.535 -0.251
1.990 0.325 0.686 -0.040 1.220 -0.050 0.535 -0.251
2.010 0.324 0.686 -0.040 1.220 -0.049 0.536 -0.251
2.030 0.324 0.685 -0.040 1.220 -0.049 0.536 -0.251
2.050 0.323 0.685 -0.039 1.221 -0.048 0.536 -0.252
2.070 0.323 0.685 -0.039 1.221 -0.048 0.537 -0.252
2.090 0.322 0.685 -0.038 1.221 -0.047 0.537 -0.252
2.110 0.322 0.684 -0.038 1.221 -0.047 0.538 -0.252
2.130 0.321 0.684 -0.038 1.221 -0.046 0.538 -0.252
2.150 0.321 0.684 -0.037 1.221 -0.046 0.538 -0.253
2.170 0.321 0.684 -0.037 1.221 -0.045 0.539 -0.253
2.190 0.320 0.683 -0.037 1.221 -0.045 0.539 -0.253
2.210 0.320 0.683 -0.036 1.221 -0.045 0.539 -0.253
2.230 0.319 0.683 -0.036 1.222 -0.044 0.540 -0.253
2.250 0.319 0.682 -0.036 1.222 -0.044 0.540 -0.254
2.270 0.319 0.682 -0.036 1.222 -0.044 0.540 -0.254
2.290 0.319 0.682 -0.036 1.222 -0.043 0.541 -0.254
2.310 0.318 0.682 -0.035 1.222 -0.043 0.541 -0.254
2.330 0.318 0.681 -0.035 1.222 -0.043 0.542 -0.254
2.350 0.318 0.681 -0.035 1.222 -0.043 0.542 -0.254
2.370 0.318 0.681 -0.035 1.222 -0.042 0.542 -0.254
2.390 0.317 0.680 -0.035 1.222 -0.042 0.543 -0.254
2.410 0.317 0.680 -0.035 1.222 -0.042 0.543 -0.254
2.430 0.317 0.680 -0.035 1.223 -0.042 0.543 -0.254
2.450 0.317 0.680 -0.034 1.223 -0.042 0.544 -0.255
2.470 0.317 0.679 -0.034 1.223 -0.042 0.544 -0.255
2.490 0.317 0.679 -0.034 1.223 -0.042 0.544 -0.255
2.510 0.317 0.679 -0.034 1.223 -0.042 0.545 -0.255
2.530 0.317 0.679 -0.034 1.223 -0.042 0.545 -0.255
2.550 0.317 0.678 -0.034 1.223 -0.042 0.545 -0.255
2.570 0.317 0.678 -0.034 1.223 -0.042 0.546 -0.255
2.590 0.317 0.678 -0.034 1.223 -0.042 0.546 -0.255
2.610 0.317 0.677 -0.034 1.223 -0.042 0.547 -0.255
2.630 0.317 0.677 -0.034 1.223 -0.042 0.547 -0.255
2.650 0.317 0.677 -0.034 1.223 -0.042 0.547 -0.255
2.670 0.317 0.676 -0.034 1.224 -0.042 0.548 -0.255
2.690 0.317 0.676 -0.034 1.224 -0.042 0.548 -0.255
2.710 0.317 0.676 -0.034 1.224 -0.042 0.549 -0.255
2.730 0.317 0.675 -0.034 1.224 -0.042 0.549 -0.255
2.750 0.317 0.675 -0.034 1.224 -0.042 0.550 -0.255
2.770 0.317 0.674 -0.034 1.224 -0.042 0.550 -0.255
2.790 0.317 0.674 -0.034 1.224 -0.042 0.551 -0.255
2.810 0.317 0.673 -0.035 1.224 -0.042 0.551 -0.255
2.830 0.317 0.673 -0.035 1.224 -0.042 0.552 -0.255
2.850 0.317 0.673 -0.035 1.224 -0.042 0.552 -0.255
2.870 0.317 0.672 -0.035 1.224 -0.042 0.553 -0.255
2.890 0.317 0.672 -0.035 1.225 -0.042 0.554 -0.255
2.910 0.317 0.671 -0.035 1.225 -0.042 0.554 -0.255
2.930 0.317 0.671 -0.035 1.225 -0.042 0.555 -0.255
2.950 0.317 0.670 -0.035 1.225 -0.042 0.555 -0.255
2.970 0.317 0.670 -0.035 1.225 -0.042 0.556 -0.255
2.990 0.317 0.669 -0.035 1.225 -0.042 0.557 -0.255
3.010 0.317 0.669 -0.035 1.225 -0.042 0.557 -0.255
3.030 0.317 0.668 -0.035 1.225 -0.042 0.558 -0.255
3.050 0.317 0.668 -0.035 1.225 -0.042 0.558 -0.255
3.070 0.317 0.667 -0.035 1.225 -0.042 0.559 -0.255
3.090 0.317 0.666 -0.035 1.226 -0.042 0.560 -0.255
3.110 0.317 0.666 -0.035 1.226 -0.042 0.560 -0.255
3.130 0.317 0.665 -0.035 1.226 -0.042 0.561 -0.255
3.150 0.317 0.665 -0.035 1.226 -0.042 0.562 -0.255
3.170 0.317 0.664 -0.035 1.226 -0.042 0.562 -0.255
3.190 0.317 0.664 -0.035 1.226 -0.042 0.563 -0.255
3.210 0.317 0.663 -0.035 1.226 -0.042 0.564 -0.254
3.230 0.318 0.662 -0.035 1.226 -0.042 0.564 -0.254
3.250 0.318 0.662 -0.035 1.226 -0.042 0.565 -0.254
3.270 0.318 0.661 -0.035 1.226 -0.042 0.566 -0.254
3.290 0.318 0.661 -0.035 1.227 -0.042 0.566 -0.254
3.310 0.318 0.660 -0.035 1.227 -0.042 0.567 -0.254
3.330 0.318 0.659 -0.035 1.227 -0.042 0.568 -0.254
3.350 0.318 0.659 -0.035 1.227 -0.042 0.569 -0.254
3.370 0.318 0.658 -0.035 1.227 -0.042 0.569 -0.254
3.390 0.318 0.658 -0.036 1.227 -0.042 0.570 -0.254
3.410 0.318 0.657 -0.036 1.227 -0.042 0.571 -0.254
3.430 0.318 0.656 -0.036 1.227 -0.042 0.571 -0.254
3.450 0.318 0.656 -0.036 1.227 -0.042 0.572 -0.254
3.470 0.318 0.655 -0.036 1.227 -0.042 0.573 -0.254
3.490 0.318 0.655 -0.036 1.227 -0.042 0.574 -0.254
3.510 0.318 0.654 -0.036 1.228 -0.042 0.574 -0.254
3.530 0.318 0.653 -0.036 1.228 -0.042 0.575 -0.254
3.550 0.318 0.653 -0.036 1.228 -0.042 0.576 -0.254
3.570 0.318 0.652 -0.036 1.228 -0.042 0.576 -0.254
3.590 0.318 0.651 -0.036 1.228 -0.042 0.577 -0.254
3.610 0.318 0.651 -0.036 1.228 -0.042 0.578 -0.254
3.630 0.318 0.650 -0.036 1.228 -0.042 0.579 -0.254
3.650 0.318 0.650 -0.036 1.228 -0.042 0.579 -0.254
3.670 0.318 0.649 -0.036 1.228 -0.042 0.580 -0.254
3.690 0.318 0.648 -0.036 1.228 -0.042 0.581 -0.254
3.710 0.318 0.648 -0.036 1.229 -0.042 0.581 -0.254
3.730 0.318 0.647 -0.037 1.229 -0.042 0.582 -0.254
3.750 0.319 0.646 -0.037 1.229 -0.042 0.583 -0.254
3.770 0.319 0.646 -0.037 1.229 -0.042 0.584 -0.254
3.790 0.319 0.645 -0.037 1.229 -0.042 0.584 -0.254
3.810 0.319 0.645 -0.037 1.229 -0.042 0.585 -0.254
3.830 0.319 0.644 -0.037 1.229 -0.042 0.586 -0.254
3.850 0.319 0.643 -0.037 1.229 -0.042 0.586 -0.254
3.870 0.319 0.643 -0.037 1.229 -0.042 0.587 -0.254
3.890 0.319 0.642 -0.037 1.229 -0.042 0.588 -0.254
3.910 0.319 0.642 -0.037 1.229 -0.042 0.588 -0.254
3.930 0.319 0.641 -0.037 1.229 -0.042 0.589 -0.254
3.950 0.319 0.640 -0.037 1.230 -0.042 0.590 -0.254
3.970 0.319 0.640 -0.037 1.230 -0.042 0.590 -0.254
3.990 0.319 0.639 -0.037 1.230 -0.042 0.591 -0.254
4.010 0.319 0.639 -0.038 1.230 -0.042 0.592 -0.254
4.030 0.319 0.638 -0.038 1.230 -0.042 0.592 -0.254
4.050 0.319 0.638 -0.038 1.230 -0.042 0.593 -0.254
4.070 0.319 0.637 -0.038 1.230 -0.042 0.594 -0.254
4.090 0.319 0.637 -0.038 1.230 -0.042 0.594 -0.254
4.110 0.319 0.636 -0.038 1.230 -0.042 0.595 -0.254
4.130 0.320 0.635 -0.038 1.230 -0.042 0.596 -0.254
4.150 0.320 0.635 -0.038 1.230 -0.042 0.596 -0.254
4.170 0.320 0.634 -0.038 1.230 -0.042 0.597 -0.254
4.190 0.320 0.634 -0.038 1.230 -0.042 0.597 -0.254
4.210 0.320 0.633 -0.038 1.231 -0.042 0.598 -0.254
4.230 0.320 0.633 -0.038 1.231 -0.042 0.598 -0.254
4.250 0.320 0.632 -0.038 1.231 -0.042 0.599 -0.254
4.270 0.320 0.632 -0.039 1.231 -0.042 0.600 -0.254
4.290 0.320 0.631 -0.039 1.231 -0.042 0.600 -0.254
4.310 0.320 0.631 -0.039 1.231 -0.042 0.601 -0.254
4.330 0.320 0.630 -0.039 1.231 -0.042 0.601 -0.254
4.350 0.320 0.630 -0.039 1.231 -0.042 0.602 -0.254
4.370 0.320 0.630 -0.039 1.231 -0.042 0.602 -0.254
4.390 0.320 0.629 -0.039 1.231 -0.042 0.603 -0.254
4.410 0.320 0.629 -0.039 1.231 -0.042 0.603 -0.254
4.430 0.320 0.628 -0.039 1.231 -0.042 0.604 -0.254
4.450 0.320 0.628 -0.039 1.231 -0.042 0.604 -0.254
4.470 0.321 0.628 -0.039 1.231 -0.042 0.605 -0.254
4.490 0.321 0.627 -0.039 1.231 -0.042 0.605 -0.254
4.510 0.321 0.627 -0.040 1.231 -0.042 0.605 -0.254
4.530 0.321 0.626 -0.040 1.231 -0.042 0.606 -0.254
4.550 0.321 0.626 -0.040 1.232 -0.042 0.606 -0.254
4.570 0.321 0.626 -0.040 1.232 -0.042 0.607 -0.254
4.590 0.321 0.625 -0.040 1.232 -0.042 0.607 -0.254
4.610 0.321 0.625 -0.040 1.232 -0.042 0.607 -0.254
4.630 0.321 0.625 -0.040 1.232 -0.042 0.608 -0.254
4.650 0.321 0.625 -0.040 1.232 -0.042 0.608 -0.254
4.670 0.321 0.624 -0.040 1.232 -0.042 0.608 -0.254
4.690 0.321 0.624 -0.040 1.232 -0.042 0.609 -0.254
4.710 0.321 0.624 -0.040 1.232 -0.042 0.609 -0.254
4.730 0.321 0.624 -0.041 1.232 -0.042 0.609 -0.254
4.750 0.322 0.623 -0.041 1.232 -0.042 0.609 -0.254
4.770 0.322 0.623 -0.041 1.232 -0.042 0.610 -0.254
4.790 0.322 0.623 -0.041 1.232 -0.042 0.610 -0.254
4.810 0.322 0.623 -0.041 1.232 -0.042 0.610 -0.254
4.830 0.322 0.623 -0.041 1.232 -0.042 0.610 -0.254
4.850 0.322 0.623 -0.041 1.232 -0.042 0.610 -0.254
4.870 0.322 0.622 -0.041 1.232 -0.042 0.610 -0.254
4.890 0.322 0.622 -0.041 1.232 -0.042 0.611 -0.254
4.910 0.322 0.622 -0.041 1.232 -0.042 0.611 -0.254
4.930 0.322 0.622 -0.042 1.232 -0.043 0.611 -0.254
4.950 0.322 0.622 -0.042 1.232 -0.043 0.611 -0.254
4.970 0.322 0.622 -0.042 1.232 -0.043 0.611 -0.254
4.990 0.322 0.622 -0.042 1.232 -0.043 0.611 -0.254
5.010 0.322 0.622 -0.042 1.232 -0.043 0.611 -0.254
5.030 0.323 0.622 -0.042 1.232 -0.043 0.611 -0.254
5.050 0.323 0.622 -0.042 1.232 -0.043 0.611 -0.253
5.070 0.323 0.622 -0.042 1.232 -0.043 0.611 -0.253
5.090 0.323 0.622 -0.042 1.232 -0.043 0.611 -0.253
5.110 0.323 0.622 -0.042 1.232 -0.043 0.611 -0.253
5.130 0.323 0.622 -0.043 1.232 -0.043 0.611 -0.253
5.150 0.323 0.622 -0.043 1.232 -0.043 0.611 -0.253
5.170 0.323 0.622 -0.043 1.232 -0.043 0.611 -0.253
5.190 0.323 0.622 -0.043 1.232 -0.043 0.611 -0.253
5.210 0.323 0.622 -0.043 1.232 -0.043 0.610 -0.253
5.230 0.324 0.622 -0.043 1.232 -0.043 0.610 -0.253
5.250 0.324 0.623 -0.043 1.232 -0.043 0.610 -0.253
5.270 0.324 0.623 -0.044 1.232 -0.044 0.610 -0.253
5.290 0.324 0.623 -0.044 1.232 -0.044 0.610 -0.253
5.310 0.324 0.623 -0.044 1.232 -0.044 0.610 -0.253
5.330 0.324 0.623 -0.044 1.232 -0.044 0.610 -0.252
5.350 0.324 0.623 -0.044 1.232 -0.044 0.610 -0.252
5.370 0.325 0.623 -0.044 1.232 -0.044 0.609 -0.252
5.390 0.325 0.623 -0.045 1.232 -0.044 0.609 -0.252
5.410 0.325 0.624 -0.045 1.232 -0.045 0.609 -0.252
5.430 0.325 0.624 -0.045 1.232 -0.045 0.609 -0.252
5.450 0.325 0.624 -0.045 1.232 -0.045 0.609 -0.252
5.470 0.326 0.624 -0.045 1.232 -0.045 0.609 -0.252
5.490 0.326 0.624 -0.046 1.232 -0.045 0.608 -0.251
5.510 0.326 0.624 -0.046 1.232 -0.046 0.608 -0.251
5.530 0.326 0.625 -0.046 1.232 -0.046 0.608 -0.251
5.550 0.326 0.625 -0.046 1.232 -0.046 0.608 -0.251
5.570 0.326 0.625 -0.047 1.232 -0.046 0.608 -0.251
5.590 0.327 0.625 -0.047 1.232 -0.047 0.607 -0.251
5.610 0.327 0.625 -0.047 1.232 -0.047 0.607 -0.250
5.630 0.327 0.626 -0.047 1.231 -0.047 0.607 -0.250
5.650 0.327 0.626 -0.047 1.231 -0.047 0.607 -0.250
5.670 0.328 0.626 -0.048 1.231 -0.048 0.606 -0.250
5.690 0.328 0.626 -0.048 1.231 -0.048 0.606 -0.250
5.710 0.328 0.626 -0.048 1.231 -0.048 0.606 -0.249
5.730 0.328 0.627 -0.048 1.231 -0.048 0.606 -0.249
5.750 0.328 0.627 -0.049 1.231 -0.049 0.605 -0.249
5.770 0.329 0.627 -0.049 1.231 -0.049 0.605 -0.249
5.790 0.329 0.627 -0.049 1.231 -0.049 0.605 -0.249
5.810 0.329 0.628 -0.049 1.231 -0.050 0.605 -0.248
5.830 0.329 0.628 -0.050 1.231 -0.050 0.604 -0.248
5.850 0.330 0.628 -0.050 1.231 -0.050 0.604 -0.248
5.870 0.330 0.629 -0.050 1.231 -0.051 0.604 -0.248
5.890 0.330 0.629 -0.051 1.231 -0.051 0.603 -0.247
5.910 0.330 0.629 -0.051 1.231 -0.051 0.603 -0.247
5.930 0.331 0.629 -0.051 1.231 -0.052 0.603 -0.247
5.950 0.331 0.630 -0.051 1.231 -0.052 0.602 -0.247
5.970 0.331 0.630 -0.052 1.231 -0.052 0.602 -0.246
5.990 0.331 0.630 -0.052 1.231 -0.053 0.602 -0.246
6.010 0.332 0.631 -0.052 1.231 -0.053 0.601 -0.246
6.030 0.332 0.631 -0.052 1.231 -0.053 0.601 -0.246
6.050 0.332 0.631 -0.053 1.231 -0.054 0.601 -0.245
6.070 0.333 0.631 -0.053 1.231 -0.054 0.600 -0.245
6.090 0.333 0.632 -0.053 1.230 -0.054 0.600 -0.245
6.110 0.333 0.632 -0.054 1.230 -0.055 0.600 -0.245
6.130 0.333 0.632 -0.054 1.230 -0.055 0.599 -0.244
6.150 0.334 0.633 -0.054 1.230 -0.055 0.599 -0.244
6.170 0.334 0.633 -0.054 1.230 -0.056 0.599 -0.244
6.190 0.334 0.633 -0.055 1.230 -0.056 0.598 -0.244
6.210 0.335 0.634 -0.055 1.230 -0.057 0.598 -0.243
6.230 0.335 0.634 -0.055 1.230 -0.057 0.598 -0.243
6.250 0.335 0.634 -0.056 1.230 -0.057 0.597 -0.243
6.270 0.335 0.635 -0.056 1.230 -0.058 0.597 -0.243
6.290 0.336 0.635 -0.056 1.230 -0.058 0.596 -0.242
6.310 0.336 0.635 -0.057 1.230 -0.059 0.596 -0.242
6.330 0.336 0.636 -0.057 1.230 -0.059 0.596 -0.242
6.350 0.337 0.636 -0.057 1.230 -0.059 0.595 -0.241
6.370 0.337 0.637 -0.057 1.230 -0.060 0.595 -0.241
6.390 0.337 0.637 -0.058 1.230 -0.060 0.594 -0.241
6.410 0.337 0.637 -0.058 1.230 -0.061 0.594 -0.241
6.430 0.338 0.638 -0.058 1.229 -0.061 0.594 -0.240
6.450 0.338 0.638 -0.059 1.229 -0.061 0.593 -0.240
6.470 0.338 0.638 -0.059 1.229 -0.062 0.593 -0.240
6.490 0.339 0.639 -0.059 1.229 -0.062 0.592 -0.240
6.510 0.339 0.639 -0.060 1.229 -0.063 0.592 -0.239
6.530 0.339 0.639 -0.060 1.229 -0.063 0.592 -0.239
6.550 0.339 0.640 -0.060 1.229 -0.063 0.591 -0.239
6.570 0.340 0.640 -0.060 1.229 -0.064 0.591 -0.238
6.590 0.340 0.641 -0.061 1.229 -0.064 0.590 -0.238
6.610 0.340 0.641 -0.061 1.229 -0.065 0.590 -0.238
6.630 0.341 0.641 -0.061 1.229 -0.065 0.590 -0.238
6.650 0.341 0.642 -0.062 1.229 -0.065 0.589 -0.237
6.670 0.341 0.642 -0.062 1.229 -0.066 0.589 -0.237
6.690 0.342 0.642 -0.062 1.229 -0.066 0.588 -0.237
6.710 0.342 0.643 -0.062 1.229 -0.067 0.588 -0.236
6.730 0.342 0.643 -0.063 1.228 -0.067 0.587 -0.236
6.750 0.342 0.644 -0.063 1.228 -0.068 0.587 -0.236
6.770 0.343 0.644 -0.063 1.228 -0.068 0.587 -0.236
6.790 0.343 0.644 -0.064 1.228 -0.068 0.586 -0.235
6.810 0.343 0.645 -0.064 1.228 -0.069 0.586 -0.235
6.830 0.344 0.645 -0.064 1.228 -0.069 0.585 -0.235
6.850 0.344 0.645 -0.064 1.228 -0.070 0.585 -0.234
6.870 0.344 0.646 -0.065 1.228 -0.070 0.584 -0.234
6.890 0.345 0.646 -0.065 1.228 -0.070 0.584 -0.234
6.910 0.345 0.647 -0.065 1.228 -0.071 0.584 -0.234
6.930 0.345 0.647 -0.066 1.228 -0.071 0.583 -0.233
6.950 0.345 0.647 -0.066 1.228 -0.072 0.583 -0.233
6.970 0.346 0.648 -0.066 1.228 -0.072 0.582 -0.233
6.990 0.346 0.648 -0.066 1.228 -0.072 0.582 -0.233
7.010 0.346 0.648 -0.067 1.228 -0.073 0.581 -0.232
7.030 0.347 0.649 -0.067 1.227 -0.073 0.581 -0.232
7.050 0.347 0.649 -0.067 1.227 -0.074 0.581 -0.232
7.070 0.347 0.650 -0.067 1.227 -0.074 0.580 -0.232
7.090 0.347 0.650 -0.068 1.227 -0.074 0.580 -0.231
7.110 0.348 0.650 -0.068 1.227 -0.075 0.579 -0.231
7.130 0.348 0.651 -0.068 1.227 -0.075 0.579 -0.231
7.150 0.348 0.651 -0.068 1.227 -0.075 0.579 -0.231
7.170 0.348 0.651 -0.069 1.227 -0.076 0.578 -0.230
7.190 0.349 0.652 -0.069 1.227 -0.076 0.578 -0.230
7.210 0.349 0.652 -0.069 1.227 -0.077 0.577 -0.230
7.230 0.349 0.652 -0.069 1.227 -0.077 0.577 -0.230
7.250 0.349 0.653 -0.070 1.227 -0.077 0.576 -0.229
7.270 0.350 0.653 -0.070 1.227 -0.078 0.576 -0.229
7.290 0.350 0.653 -0.070 1.226 -0.078 0.576 -0.229
7.310 0.350 0.654 -0.070 1.226 -0.078 0.575 -0.229
7.330 0.351 0.654 -0.070 1.226 -0.079 0.575 -0.228
7.350 0.351 0.655 -0.071 1.226 -0.079 0.574 -0.228
7.370 0.351 0.655 -0.071 1.226 -0.079 0.574 -0.228
7.390 0.351 0.655 -0.071 1.226 -0.080 0.574 -0.228
7.410 0.351 0.656 -0.071 1.226 -0.080 0.573 -0.228
7.430 0.352 0.656 -0.072 1.226 -0.080 0.573 -0.227
7.450 0.352 0.656 -0.072 1.226 -0.081 0.572 -0.227
7.470 0.352 0.657 -0.072 1.226 -0.081 0.572 -0.227
7.490 0.352 0.657 -0.072 1.226 -0.081 0.572 -0.227
7.510 0.353 0.657 -0.072 1.226 -0.082 0.571 -0.227
7.530 0.353 0.657 -0.072 1.226 -0.082 0.571 -0.226
7.550 0.353 0.658 -0.073 1.226 -0.082 0.571 -0.226
7.570 0.353 0.658 -0.073 1.225 -0.083 0.570 -0.226
7.590 0.354 0.658 -0.073 1.225 -0.083 0.570 -0.226
7.610 0.354 0.659 -0.073 1.225 -0.083 0.569 -0.226
7.630 0.354 0.659 -0.073 1.225 -0.084 0.569 -0.226
7.650 0.354 0.660 -0.074 1.225 -0.084 0.568 -0.225
7.670 0.355 0.660 -0.074 1.225 -0.084 0.568 -0.225
7.690 0.355 0.660 -0.074 1.225 -0.085 0.568 -0.225
7.710 0.355 0.661 -0.074 1.225 -0.085 0.567 -0.225
7.730 0.355 0.661 -0.074 1.225 -0.085 0.567 -0.225
7.750 0.355 0.661 -0.074 1.225 -0.086 0.566 -0.224
7.770 0.356 0.662 -0.075 1.225 -0.086 0.566 -0.224
7.790 0.356 0.662 -0.075 1.224 -0.086 0.565 -0.224
7.810 0.356 0.663 -0.075 1.224 -0.087 0.565 -0.224
7.830 0.357 0.663 -0.075 1.224 -0.087 0.564 -0.224
7.850 0.357 0.663 -0.075 1.224 -0.087 0.564 -0.223
7.870 0.357 0.664 -0.076 1.224 -0.088 0.563 -0.223
7.890 0.357 0.664 -0.076 1.224 -0.088 0.563 -0.223
7.910 0.358 0.665 -0.076 1.224 -0.088 0.562 -0.223
7.930 0.358 0.665 -0.076 1.224 -0.089 0.561 -0.222
7.950 0.358 0.666 -0.076 1.223 -0.089 0.561 -0.222
7.970 0.358 0.666 -0.077 1.223 -0.090 0.560 -0.222
7.990 0.359 0.667 -0.077 1.223 -0.090 0.560 -0.222
8.010 0.359 0.667 -0.077 1.223 -0.090 0.559 -0.222
8.030 0.359 0.667 -0.077 1.223 -0.091 0.559 -0.221
8.050 0.359 0.668 -0.077 1.223 -0.091 0.558 -0.221
8.070 0.360 0.668 -0.078 1.223 -0.091 0.558 -0.221
8.090 0.360 0.669 -0.078 1.222 -0.092 0.557 -0.221
8.110 0.360 0.669 -0.078 1.222 -0.092 0.556 -0.221
8.130 0.361 0.670 -0.078 1.222 -0.093 0.556 -0.220
8.150 0.361 0.670 -0.078 1.222 -0.093 0.555 -0.220
8.170 0.361 0.671 -0.078 1.222 -0.093 0.555 -0.220
8.190 0.361 0.671 -0.079 1.222 -0.094 0.554 -0.220
8.210 0.362 0.672 -0.079 1.222 -0.094 0.553 -0.220
8.230 0.362 0.672 -0.079 1.221 -0.095 0.553 -0.219
8.250 0.362 0.673 -0.079 1.221 -0.095 0.552 -0.219
8.270 0.362 0.673 -0.079 1.221 -0.095 0.552 -0.219
8.290 0.363 0.674 -0.080 1.221 -0.096 0.551 -0.219
8.310 0.363 0.674 -0.080 1.221 -0.096 0.550 -0.218
8.330 0.363 0.674 -0.080 1.221 -0.097 0.550 -0.218
8.350 0.364 0.675 -0.080 1.220 -0.097 0.549 -0.218
8.370 0.364 0.675 -0.080 1.220 -0.097 0.548 -0.218
8.390 0.364 0.676 -0.081 1.220 -0.098 0.548 -0.218
8.410 0.364 0.676 -0.081 1.220 -0.098 0.547 -0.217
8.430 0.365 0.677 -0.081 1.220 -0.098 0.547 -0.217
8.450 0.365 0.677 -0.081 1.220 -0.099 0.546 -0.217
8.470 0.365 0.678 -0.081 1.220 -0.099 0.545 -0.217
8.490 0.365 0.678 -0.081 1.219 -0.100 0.545 -0.217
8.510 0.366 0.679 -0.082 1.219 -0.100 0.544 -0.216
8.530 0.366 0.679 -0.082 1.219 -0.100 0.543 -0.216
8.550 0.366 0.680 -0.082 1.219 -0.101 0.543 -0.216
8.570 0.367 0.680 -0.082 1.219 -0.101 0.542 -0.216
8.590 0.367 0.681 -0.082 1.219 -0.102 0.542 -0.215
8.610 0.367 0.681 -0.083 1.218 -0.102 0.541 -0.215
8.630 0.367 0.682 -0.083 1.218 -0.102 0.540 -0.215
8.650 0.368 0.682 -0.083 1.218 -0.103 0.540 -0.215
8.670 0.368 0.683 -0.083 1.218 -0.103 0.539 -0.215
8.690 0.368 0.683 -0.083 1.218 -0.103 0.539 -0.214
8.710 0.368 0.684 -0.083 1.218 -0.104 0.538 -0.214
8.730 0.369 0.684 -0.084 1.217 -0.104 0.537 -0.214
8.750 0.369 0.685 -0.084 1.217 -0.105 0.537 -0.214
8.770 0.369 0.685 -0.084 1.217 -0.105 0.536 -0.214
8.790 0.369 0.686 -0.084 1.217 -0.105 0.535 -0.213
8.810 0.370 0.686 -0.084 1.217 -0.106 0.535 -0.213
8.830 0.370 0.686 -0.084 1.217 -0.106 0.534 -0.213
8.850 0.370 0.687 -0.085 1.216 -0.106 0.534 -0.213
8.870 0.370 0.687 -0.085 1.216 -0.107 0.533 -0.213
8.890 0.371 0.688 -0.085 1.216 -0.107 0.533 -0.213
8.910 0.371 0.688 -0.085 1.216 -0.107 0.532 -0.212
8.930 0.371 0.689 -0.085 1.216 -0.108 0.531 -0.212
8.950 0.371 0.689 -0.085 1.216 -0.108 0.531 -0.212
8.970 0.372 0.690 -0.085 1.216 -0.108 0.530 -0.212
8.990 0.372 0.690 -0.086 1.215 -0.109 0.530 -0.212
9.010 0.372 0.690 -0.086 1.215 -0.109 0.529 -0.211
9.030 0.372 0.691 -0.086 1.215 -0.109 0.529 -0.211
9.050 0.372 0.691 -0.086 1.215 -0.110 0.528 -0.211
9.070 0.373 0.692 -0.086 1.215 -0.110 0.528 -0.211
9.090 0.373 0.692 -0.086 1.215 -0.110 0.527 -0.211
9.110 0.373 0.692 -0.086 1.214 -0.111 0.526 -0.211
9.130 0.373 0.693 -0.087 1.214 -0.111 0.526 -0.210
9.150 0.374 0.693 -0.087 1.214 -0.111 0.525 -0.210
9.170 0.374 0.694 -0.087 1.214 -0.112 0.525 -0.210
9.190 0.374 0.694 -0.087 1.214 -0.112 0.524 -0.210
9.210 0.374 0.694 -0.087 1.214 -0.112 0.524 -0.210
9.230 0.374 0.695 -0.087 1.214 -0.112 0.523 -0.210
9.250 0.375 0.695 -0.087 1.214 -0.113 0.523 -0.210
9.270 0.375 0.695 -0.087 1.213 -0.113 0.523 -0.209
9.290 0.375 0.696 -0.088 1.213 -0.113 0.522 -0.209
9.310 0.375 0.696 -0.088 1.213 -0.113 0.522 -0.209
9.330 0.375 0.696 -0.088 1.213 -0.114 0.521 -0.209
9.350 0.375 0.697 -0.088 1.213 -0.114 0.521 -0.209
9.370 0.376 0.697 -0.088 1.213 -0.114 0.520 -0.209
9.390 0.376 0.697 -0.088 1.213 -0.114 0.520 -0.209
9.410 0.376 0.698 -0.088 1.213 -0.115 0.520 -0.209
9.430 0.376 0.698 -0.088 1.212 -0.115 0.519 -0.208
9.450 0.376 0.698 -0.088 1.212 -0.115 0.519 -0.208
9.470 0.376 0.699 -0.089 1.212 -0.115 0.518 -0.208
9.490 0.377 0.699 -0.089 1.212 -0.116 0.518 -0.208
9.510 0.377 0.699 -0.089 1.212 -0.116 0.518 -0.208
9.530 0.377 0.699 -0.089 1.212 -0.116 0.517 -0.208
9.550 0.377 0.700 -0.089 1.212 -0.116 0.517 -0.208
9.570 0.377 0.700 -0.089 1.212 -0.116 0.517 -0.208
9.590 0.377 0.700 -0.089 1.212 -0.116 0.516 -0.208
9.610 0.377 0.700 -0.089 1.212 -0.117 0.516 -0.207
9.630 0.377 0.701 -0.089 1.212 -0.117 0.516 -0.207
9.650 0.378 0.701 -0.089 1.211 -0.117 0.516 -0.207
9.670 0.378 0.701 -0.089 1.211 -0.117 0.515 -0.207
9.690 0.378 0.701 -0.089 1.211 -0.117 0.515 -0.207
9.710 0.378 0.701 -0.089 1.211 -0.117 0.515 -0.207
9.730 0.378 0.701 -0.089 1.211 -0.118 0.515 -0.207
9.750 0.378 0.702 -0.090 1.211 -0.118 0.514 -0.207
9.770 0.378 0.702 -0.090 1.211 -0.118 0.514 -0.207
9.790 0.378 0.702 -0.090 1.211 -0.118 0.514 -0.207
9.810 0.378 0.702 -0.090 1.211 -0.118 0.514 -0.207
9.830 0.378 0.702 -0.090 1.211 -0.118 0.514 -0.207
9.850 0.378 0.702 -0.090 1.211 -0.118 0.514 -0.207
9.870 0.378 0.702 -0.090 1.211 -0.118 0.514 -0.207
9.890 0.378 0.702 -0.090 1.211 -0.118 0.513 -0.207
9.910 0.378 0.702 -0.090 1.211 -0.118 0.513 -0.207
9.930 0.378 0.703 -0.090 1.211 -0.118 0.513 -0.207
9.950 0.378 0.703 -0.090 1.211 -0.118 0.513 -0.207
9.970 0.378 0.703 -0.090 1.211 -0.118 0.513 -0.207
9.990 0.378 0.703 -0.090 1.211 -0.118 0.513 -0.207
10.010 0.378 0.703 -0.090 1.211 -0.118 0.513 -0.207
10.020 0.378 0.703 -0.090 1.211 -0.118 0.513 -0.207
