0.000 -0.000 0.629 0.000 1.232 0.000 0.604 0.000
0.010 -0.000 0.629 0.000 1.232 0.000 0.604 0.000
0.030 0.000 0.629 -0.000 1.232 -0.000 0.604 0.000
0.050 0.001 0.629 -0.001 1.232 -0.001 0.604 0.001
0.070 0.001 0.629 -0.002 1.232 -0.002 0.604 0.001
0.090 0.002 0.629 -0.002 1.232 -0.003 0.604 0.002
0.110 0.003 0.629 -0.003 1.232 -0.003 0.604 0.002
0.130 0.003 0.629 -0.004 1.232 -0.004 0.604 0.003
0.150 0.004 0.629 -0.004 1.232 -0.005 0.604 0.003
0.170 0.005 0.629 -0.005 1.232 -0.005 0.604 0.004
0.190 0.005 0.629 -0.006 1.232 -0.006 0.604 0.004
0.210 0.006 0.629 -0.006 1.232 -0.007 0.604 0.005
0.230 0.006 0.629 -0.007 1.232 -0.007 0.604 0.005
0.250 0.007 0.628 -0.008 1.232 -0.008 0.604 0.006
0.270 0.008 0.628 -0.008 1.232 -0.009 0.604 0.006
0.290 0.008 0.628 -0.009 1.232 -0.009 0.604 0.007
0.310 0.009 0.628 -0.009 1.232 -0.010 0.604 0.007
0.330 0.009 0.628 -0.010 1.232 -0.010 0.604 0.008
0.350 0.010 0.628 -0.011 1.232 -0.011 0.604 0.008
0.370 0.010 0.628 -0.011 1.232 -0.012 0.604 0.008
0.390 0.011 0.628 -0.012 1.232 -0.012 0.604 0.009
0.410 0.012 0.628 -0.013 1.232 -0.013 0.605 0.009
0.430 0.012 0.628 -0.013 1.232 -0.014 0.605 0.010
0.450 0.013 0.628 -0.014 1.232 -0.014 0.605 0.010
0.470 0.013 0.628 -0.014 1.232 -0.015 0.605 0.011
0.490 0.014 0.628 -0.015 1.232 -0.016 0.605 0.011
0.510 0.014 0.627 -0.016 1.232 -0.016 0.605 0.012
0.530 0.015 0.627 -0.016 1.232 -0.017 0.605 0.012
0.550 0.015 0.627 -0.017 1.232 -0.017 0.605 0.013
0.570 0.016 0.627 -0.017 1.232 -0.018 0.605 0.013
0.590 0.017 0.627 -0.018 1.232 -0.019 0.606 0.013
0.610 0.017 0.627 -0.019 1.232 -0.019 0.606 0.014
0.630 0.018 0.627 -0.019 1.232 -0.020 0.606 0.014
0.650 0.018 0.627 -0.020 1.232 -0.020 0.606 0.015
0.670 0.019 0.626 -0.020 1.232 -0.021 0.606 0.015
0.690 0.019 0.626 -0.021 1.232 -0.022 0.606 0.016
0.710 0.020 0.626 -0.022 1.232 -0.022 0.606 0.016
0.730 0.020 0.626 -0.022 1.232 -0.023 0.607 0.016
0.750 0.021 0.626 -0.023 1.232 -0.023 0.607 0.017
0.770 0.021 0.626 -0.023 1.232 -0.024 0.607 0.017
0.790 0.022 0.625 -0.024 1.232 -0.025 0.607 0.018
0.810 0.022 0.625 -0.024 1.232 -0.025 0.607 0.018
0.830 0.023 0.625 -0.025 1.232 -0.026 0.608 0.019
0.850 0.023 0.625 -0.026 1.232 -0.026 0.608 0.019
0.870 0.024 0.625 -0.026 1.232 -0.027 0.608 0.019
0.890 0.024 0.625 -0.027 1.232 -0.027 0.608 0.020
0.910 0.025 0.624 -0.027 1.232 -0.028 0.608 0.020
0.930 0.025 0.624 -0.028 1.232 -0.028 0.609 0.021
0.950 0.026 0.624 -0.028 1.232 -0.029 0.609 0.021
0.970 0.026 0.624 -0.029 1.232 -0.030 0.609 0.021
0.990 0.027 0.624 -0.029 1.232 -0.030 0.609 0.022
1.010 0.027 0.623 -0.030 1.232 -0.031 0.609 0.022
1.030 0.028 0.623 -0.031 1.232 -0.031 0.610 0.023
1.050 0.028 0.623 -0.031 1.232 -0.032 0.610 0.023
1.070 0.029 0.623 -0.032 1.232 -0.032 0.610 0.023
1.090 0.029 0.622 -0.032 1.232 -0.033 0.610 0.024
1.110 0.030 0.622 -0.033 1.232 -0.033 0.611 0.024
1.130 0.030 0.622 -0.033 1.232 -0.034 0.611 0.024
1.150 0.030 0.622 -0.034 1.232 -0.034 0.611 0.025
1.170 0.031 0.622 -0.034 1.232 -0.035 0.611 0.025
1.190 0.031 0.621 -0.035 1.232 -0.035 0.612 0.026
1.210 0.032 0.621 -0.035 1.232 -0.036 0.612 0.026
1.230 0.032 0.621 -0.036 1.232 -0.036 0.612 0.026
1.250 0.033 0.621 -0.036 1.232 -0.036 0.612 0.027
1.270 0.033 0.620 -0.036 1.232 -0.037 0.613 0.027
1.290 0.033 0.620 -0.037 1.232 -0.037 0.613 0.027
1.310 0.034 0.620 -0.037 1.232 -0.038 0.613 0.028
1.330 0.034 0.619 -0.038 1.232 -0.038 0.614 0.028
1.350 0.035 0.619 -0.038 1.232 -0.039 0.614 0.028
1.370 0.035 0.619 -0.039 1.232 -0.039 0.614 0.029
1.390 0.035 0.619 -0.039 1.232 -0.039 0.614 0.029
1.410 0.036 0.618 -0.040 1.232 -0.040 0.615 0.029
1.430 0.036 0.618 -0.040 1.232 -0.040 0.615 0.029
1.450 0.036 0.618 -0.040 1.232 -0.041 0.615 0.030
1.470 0.037 0.618 -0.041 1.232 -0.041 0.616 0.030
1.490 0.037 0.617 -0.041 1.232 -0.041 0.616 0.030
1.510 0.037 0.617 -0.042 1.232 -0.042 0.616 0.031
1.530 0.038 0.617 -0.042 1.232 -0.042 0.617 0.031
1.550 0.038 0.616 -0.042 1.232 -0.042 0.617 0.031
1.570 0.038 0.616 -0.043 1.232 -0.043 0.617 0.031
1.590 0.039 0.616 -0.043 1.232 -0.043 0.617 0.032
1.610 0.039 0.615 -0.044 1.232 -0.043 0.618 0.032
1.630 0.039 0.615 -0.044 1.232 -0.044 0.618 0.032
1.650 0.040 0.615 -0.044 1.232 -0.044 0.618 0.033
1.670 0.040 0.615 -0.045 1.232 -0.044 0.619 0.033
1.690 0.040 0.614 -0.045 1.232 -0.045 0.619 0.033
1.710 0.041 0.614 -0.045 1.232 -0.045 0.619 0.033
1.730 0.041 0.614 -0.046 1.232 -0.045 0.620 0.033
1.750 0.041 0.613 -0.046 1.232 -0.046 0.620 0.034
1.770 0.041 0.613 -0.046 1.232 -0.046 0.620 0.034
1.790 0.042 0.613 -0.047 1.232 -0.046 0.621 0.034
1.810 0.042 0.612 -0.047 1.232 -0.046 0.621 0.034
1.830 0.042 0.612 -0.047 1.232 -0.047 0.621 0.035
1.850 0.042 0.612 -0.048 1.232 -0.047 0.622 0.035
1.870 0.043 0.611 -0.048 1.232 -0.047 0.622 0.035
1.890 0.043 0.611 -0.048 1.232 -0.047 0.623 0.035
1.910 0.043 0.611 -0.048 1.232 -0.048 0.623 0.035
1.930 0.043 0.610 -0.049 1.232 -0.048 0.623 0.036
1.950 0.043 0.610 -0.049 1.232 -0.048 0.624 0.036
1.970 0.044 0.610 -0.049 1.232 -0.048 0.624 0.036
1.990 0.044 0.609 -0.049 1.232 -0.048 0.624 0.036
2.010 0.044 0.609 -0.050 1.232 -0.049 0.625 0.036
2.030 0.044 0.608 -0.050 1.232 -0.049 0.625 0.036
2.050 0.044 0.608 -0.050 1.232 -0.049 0.625 0.036
2.070 0.045 0.608 -0.050 1.232 -0.049 0.626 0.037
2.090 0.045 0.607 -0.051 1.232 -0.049 0.626 0.037
2.110 0.045 0.607 -0.051 1.232 -0.049 0.626 0.037
2.130 0.045 0.607 -0.051 1.232 -0.049 0.627 0.037
2.150 0.045 0.606 -0.051 1.232 -0.050 0.627 0.037
2.170 0.045 0.606 -0.051 1.232 -0.050 0.628 0.037
2.190 0.045 0.606 -0.051 1.232 -0.050 0.628 0.037
2.210 0.045 0.605 -0.052 1.232 -0.050 0.628 0.037
2.230 0.046 0.605 -0.052 1.232 -0.050 0.629 0.037
2.250 0.046 0.604 -0.052 1.232 -0.050 0.629 0.038
2.270 0.046 0.604 -0.052 1.232 -0.050 0.629 0.038
2.290 0.046 0.604 -0.052 1.232 -0.050 0.630 0.038
2.310 0.046 0.603 -0.052 1.232 -0.050 0.630 0.038
2.330 0.046 0.603 -0.052 1.232 -0.050 0.631 0.038
2.350 0.046 0.603 -0.052 1.232 -0.050 0.631 0.038
2.370 0.046 0.602 -0.053 1.232 -0.050 0.631 0.038
2.390 0.046 0.602 -0.053 1.232 -0.050 0.632 0.038
2.410 0.046 0.602 -0.053 1.232 -0.050 0.632 0.038
2.430 0.046 0.601 -0.053 1.232 -0.051 0.632 0.038
2.450 0.046 0.601 -0.053 1.232 -0.050 0.633 0.038
2.470 0.046 0.600 -0.053 1.232 -0.050 0.633 0.038
2.490 0.046 0.600 -0.053 1.232 -0.050 0.634 0.038
2.510 0.046 0.600 -0.053 1.232 -0.050 0.634 0.038
2.530 0.046 0.599 -0.053 1.232 -0.050 0.634 0.038
2.550 0.046 0.599 -0.053 1.232 -0.050 0.635 0.038
2.570 0.046 0.599 -0.053 1.232 -0.050 0.635 0.038
2.590 0.046 0.598 -0.053 1.232 -0.050 0.635 0.038
2.610 0.046 0.598 -0.053 1.232 -0.050 0.636 0.038
2.630 0.046 0.597 -0.053 1.232 -0.050 0.636 0.038
2.650 0.046 0.597 -0.053 1.232 -0.050 0.637 0.038
2.670 0.046 0.597 -0.053 1.232 -0.050 0.637 0.038
2.690 0.046 0.596 -0.053 1.232 -0.050 0.637 0.038
2.710 0.046 0.596 -0.053 1.232 -0.050 0.638 0.038
2.730 0.046 0.596 -0.053 1.232 -0.050 0.638 0.037
2.750 0.046 0.595 -0.053 1.232 -0.050 0.638 0.037
2.770 0.046 0.595 -0.053 1.232 -0.049 0.639 0.037
2.790 0.046 0.594 -0.053 1.232 -0.049 0.639 0.037
2.810 0.046 0.594 -0.052 1.232 -0.049 0.640 0.037
2.830 0.046 0.594 -0.052 1.232 -0.049 0.640 0.037
2.850 0.046 0.593 -0.052 1.232 -0.049 0.640 0.037
2.870 0.046 0.593 -0.052 1.232 -0.049 0.641 0.037
2.890 0.046 0.593 -0.052 1.232 -0.049 0.641 0.037
2.910 0.045 0.592 -0.052 1.232 -0.048 0.641 0.036
2.930 0.045 0.592 -0.052 1.232 -0.048 0.642 0.036
2.950 0.045 0.591 -0.052 1.232 -0.048 0.642 0.036
2.970 0.045 0.591 -0.051 1.232 -0.048 0.642 0.036
2.990 0.045 0.591 -0.051 1.232 -0.048 0.643 0.036
3.010 0.045 0.590 -0.051 1.232 -0.047 0.643 0.036
3.030 0.045 0.590 -0.051 1.232 -0.047 0.644 0.035
3.050 0.044 0.590 -0.051 1.232 -0.047 0.644 0.035
3.070 0.044 0.589 -0.051 1.232 -0.047 0.644 0.035
3.090 0.044 0.589 -0.050 1.232 -0.047 0.645 0.035
3.110 0.044 0.589 -0.050 1.232 -0.046 0.645 0.035
3.130 0.044 0.588 -0.050 1.232 -0.046 0.645 0.034
3.150 0.044 0.588 -0.050 1.232 -0.046 0.646 0.034
3.170 0.043 0.587 -0.049 1.232 -0.046 0.646 0.034
3.190 0.043 0.587 -0.049 1.232 -0.045 0.646 0.034
3.210 0.043 0.587 -0.049 1.232 -0.045 0.647 0.034
3.230 0.043 0.586 -0.049 1.232 -0.045 0.647 0.033
3.250 0.043 0.586 -0.048 1.232 -0.044 0.647 0.033
3.270 0.042 0.586 -0.048 1.232 -0.044 0.648 0.033
3.290 0.042 0.585 -0.048 1.232 -0.044 0.648 0.033
3.310 0.042 0.585 -0.047 1.232 -0.043 0.648 0.032
3.330 0.042 0.585 -0.047 1.232 -0.043 0.649 0.032
3.350 0.041 0.584 -0.047 1.232 -0.043 0.649 0.032
3.370 0.041 0.584 -0.047 1.232 -0.042 0.649 0.031
3.390 0.041 0.584 -0.046 1.232 -0.042 0.650 0.031
3.410 0.041 0.583 -0.046 1.232 -0.042 0.650 0.031
3.430 0.040 0.583 -0.046 1.232 -0.041 0.650 0.031
3.450 0.040 0.583 -0.045 1.232 -0.041 0.650 0.030
3.470 0.040 0.582 -0.045 1.232 -0.041 0.651 0.030
3.490 0.040 0.582 -0.044 1.232 -0.040 0.651 0.030
3.510 0.039 0.582 -0.044 1.232 -0.040 0.651 0.029
3.530 0.039 0.582 -0.044 1.232 -0.040 0.652 0.029
3.550 0.039 0.581 -0.043 1.232 -0.039 0.652 0.029
3.570 0.039 0.581 -0.043 1.232 -0.039 0.652 0.028
3.590 0.038 0.581 -0.043 1.232 -0.038 0.652 0.028
3.610 0.038 0.580 -0.042 1.232 -0.038 0.653 0.028
3.630 0.038 0.580 -0.042 1.232 -0.038 0.653 0.027
3.650 0.037 0.580 -0.041 1.232 -0.037 0.653 0.027
3.670 0.037 0.579 -0.041 1.232 -0.037 0.654 0.026
3.690 0.037 0.579 -0.040 1.232 -0.036 0.654 0.026
3.710 0.036 0.579 -0.040 1.232 -0.036 0.654 0.026
3.730 0.036 0.579 -0.039 1.232 -0.035 0.654 0.025
3.750 0.036 0.578 -0.039 1.232 -0.035 0.655 0.025
3.770 0.035 0.578 -0.039 1.232 -0.035 0.655 0.024
3.790 0.035 0.578 -0.038 1.232 -0.034 0.655 0.024
3.810 0.035 0.578 -0.038 1.232 -0.034 0.655 0.024
3.830 0.034 0.577 -0.037 1.232 -0.033 0.656 0.023
3.850 0.034 0.577 -0.037 1.232 -0.033 0.656 0.023
3.870 0.034 0.577 -0.036 1.232 -0.032 0.656 0.022
3.890 0.033 0.576 -0.036 1.232 -0.032 0.656 0.022
3.910 0.033 0.576 -0.035 1.232 -0.031 0.657 0.021
3.930 0.032 0.576 -0.035 1.232 -0.031 0.657 0.021
3.950 0.032 0.576 -0.034 1.232 -0.030 0.657 0.021
3.970 0.032 0.575 -0.034 1.232 -0.030 0.657 0.020
3.990 0.031 0.575 -0.033 1.232 -0.029 0.658 0.020
4.010 0.031 0.575 -0.032 1.232 -0.029 0.658 0.019
4.030 0.031 0.575 -0.032 1.232 -0.028 0.658 0.019
4.050 0.030 0.575 -0.031 1.232 -0.028 0.658 0.018
4.070 0.030 0.574 -0.031 1.232 -0.027 0.658 0.018
4.090 0.029 0.574 -0.030 1.232 -0.027 0.659 0.017
4.110 0.029 0.574 -0.030 1.232 -0.026 0.659 0.017
4.130 0.029 0.574 -0.029 1.232 -0.026 0.659 0.016
4.150 0.028 0.574 -0.029 1.232 -0.025 0.659 0.016
4.170 0.028 0.573 -0.028 1.232 -0.025 0.659 0.015
4.190 0.027 0.573 -0.027 1.232 -0.024 0.660 0.015
4.210 0.027 0.573 -0.027 1.232 -0.024 0.660 0.014
4.230 0.026 0.573 -0.026 1.232 -0.023 0.660 0.014
4.250 0.026 0.573 -0.026 1.232 -0.023 0.660 0.013
4.270 0.026 0.572 -0.025 1.232 -0.022 0.660 0.013
4.290 0.025 0.572 -0.024 1.232 -0.022 0.660 0.012
4.310 0.025 0.572 -0.024 1.232 -0.021 0.661 0.012
4.330 0.024 0.572 -0.023 1.232 -0.020 0.661 0.011
4.350 0.024 0.572 -0.023 1.232 -0.020 0.661 0.011
4.370 0.023 0.572 -0.022 1.232 -0.019 0.661 0.010
4.390 0.023 0.571 -0.021 1.232 -0.019 0.661 0.010
4.410 0.023 0.571 -0.021 1.232 -0.018 0.661 0.009
4.430 0.022 0.571 -0.020 1.232 -0.018 0.661 0.009
4.450 0.022 0.571 -0.019 1.232 -0.017 0.662 0.008
4.470 0.021 0.571 -0.019 1.232 -0.016 0.662 0.007
4.490 0.021 0.571 -0.018 1.232 -0.016 0.662 0.007
4.510 0.020 0.571 -0.017 1.232 -0.015 0.662 0.006
4.530 0.020 0.570 -0.017 1.232 -0.015 0.662 0.006
4.550 0.019 0.570 -0.016 1.232 -0.014 0.662 0.005
4.570 0.019 0.570 -0.015 1.232 -0.014 0.662 0.005
4.590 0.019 0.570 -0.015 1.232 -0.013 0.662 0.004
4.610 0.018 0.570 -0.014 1.232 -0.012 0.662 0.004
4.630 0.018 0.570 -0.013 1.232 -0.012 0.662 0.003
4.650 0.017 0.570 -0.013 1.232 -0.011 0.663 0.002
4.670 0.017 0.570 -0.012 1.232 -0.011 0.663 0.002
4.690 0.016 0.570 -0.011 1.232 -0.010 0.663 0.001
4.710 0.016 0.570 -0.011 1.232 -0.009 0.663 0.001
4.730 0.015 0.570 -0.010 1.232 -0.009 0.663 0.000
4.750 0.015 0.569 -0.009 1.232 -0.008 0.663 -0.000
4.770 0.014 0.569 -0.009 1.232 -0.008 0.663 -0.001
4.790 0.014 0.569 -0.008 1.232 -0.007 0.663 -0.002
4.810 0.013 0.569 -0.007 1.232 -0.006 0.663 -0.002
4.830 0.013 0.569 -0.007 1.232 -0.006 0.663 -0.003
4.850 0.013 0.569 -0.006 1.232 -0.005 0.663 -0.003
4.870 0.012 0.569 -0.005 1.232 -0.005 0.663 -0.004
4.890 0.012 0.569 -0.005 1.232 -0.004 0.663 -0.005
4.910 0.011 0.569 -0.004 1.232 -0.003 0.663 -0.005
4.930 0.011 0.569 -0.003 1.232 -0.003 0.663 -0.006
4.950 0.010 0.569 -0.003 1.232 -0.002 0.663 -0.006
4.970 0.010 0.569 -0.002 1.232 -0.002 0.663 -0.007
4.990 0.009 0.569 -0.001 1.232 -0.001 0.663 -0.007
5.010 0.009 0.569 -0.000 1.232 -0.000 0.663 -0.008
5.030 0.008 0.569 0.000 1.232 0.000 0.663 -0.009
5.050 0.008 0.569 0.001 1.232 0.001 0.663 -0.009
5.070 0.007 0.569 0.002 1.232 0.001 0.663 -0.010
5.090 0.007 0.569 0.002 1.232 0.002 0.663 -0.010
5.110 0.006 0.569 0.003 1.232 0.003 0.663 -0.011
5.130 0.006 0.569 0.004 1.232 0.003 0.663 -0.012
5.150 0.005 0.569 0.004 1.232 0.004 0.663 -0.012
5.170 0.005 0.569 0.005 1.232 0.004 0.663 -0.013
5.190 0.004 0.569 0.006 1.232 0.005 0.663 -0.013
5.210 0.004 0.569 0.006 1.232 0.006 0.663 -0.014
5.230 0.004 0.569 0.007 1.232 0.006 0.663 -0.014
5.250 0.003 0.569 0.008 1.232 0.007 0.663 -0.015
5.270 0.003 0.569 0.008 1.232 0.007 0.663 -0.016
5.290 0.002 0.569 0.009 1.232 0.008 0.663 -0.016
5.310 0.002 0.570 0.010 1.232 0.009 0.663 -0.017
5.330 0.001 0.570 0.011 1.232 0.009 0.663 -0.017
5.350 0.001 0.570 0.011 1.232 0.010 0.663 -0.018
5.370 0.000 0.570 0.012 1.232 0.010 0.663 -0.018
5.390 -0.000 0.570 0.013 1.232 0.011 0.663 -0.019
5.410 -0.001 0.570 0.013 1.232 0.012 0.662 -0.020
5.430 -0.001 0.570 0.014 1.232 0.012 0.662 -0.020
5.450 -0.002 0.570 0.015 1.232 0.013 0.662 -0.021
5.470 -0.002 0.570 0.015 1.232 0.013 0.662 -0.021
5.490 -0.002 0.570 0.016 1.232 0.014 0.662 -0.022
5.510 -0.003 0.570 0.017 1.232 0.015 0.662 -0.022
5.530 -0.003 0.571 0.017 1.232 0.015 0.662 -0.023
5.550 -0.004 0.571 0.018 1.232 0.016 0.662 -0.024
5.570 -0.004 0.571 0.018 1.232 0.016 0.662 -0.024
5.590 -0.005 0.571 0.019 1.232 0.017 0.662 -0.025
5.610 -0.005 0.571 0.020 1.232 0.017 0.661 -0.025
5.630 -0.006 0.571 0.020 1.232 0.018 0.661 -0.026
5.650 -0.006 0.571 0.021 1.232 0.019 0.661 -0.026
5.670 -0.006 0.572 0.022 1.232 0.019 0.661 -0.027
5.690 -0.007 0.572 0.022 1.232 0.020 0.661 -0.027
5.710 -0.007 0.572 0.023 1.232 0.020 0.661 -0.028
5.730 -0.008 0.572 0.024 1.232 0.021 0.661 -0.028
5.750 -0.008 0.572 0.024 1.232 0.021 0.660 -0.029
5.770 -0.009 0.572 0.025 1.232 0.022 0.660 -0.029
5.790 -0.009 0.573 0.025 1.232 0.022 0.660 -0.030
5.810 -0.009 0.573 0.026 1.232 0.023 0.660 -0.030
5.830 -0.010 0.573 0.027 1.232 0.024 0.660 -0.031
5.850 -0.010 0.573 0.027 1.232 0.024 0.660 -0.031
5.870 -0.011 0.573 0.028 1.232 0.025 0.659 -0.032
5.890 -0.011 0.573 0.028 1.232 0.025 0.659 -0.033
5.910 -0.012 0.574 0.029 1.232 0.026 0.659 -0.033
5.930 -0.012 0.574 0.029 1.232 0.026 0.659 -0.033
5.950 -0.012 0.574 0.030 1.232 0.027 0.659 -0.034
5.970 -0.013 0.574 0.031 1.232 0.027 0.658 -0.034
5.990 -0.013 0.575 0.031 1.232 0.028 0.658 -0.035
6.010 -0.014 0.575 0.032 1.232 0.028 0.658 -0.035
6.030 -0.014 0.575 0.032 1.232 0.029 0.658 -0.036
6.050 -0.014 0.575 0.033 1.232 0.029 0.658 -0.036
6.070 -0.015 0.575 0.033 1.232 0.030 0.657 -0.037
6.090 -0.015 0.576 0.034 1.232 0.030 0.657 -0.037
6.110 -0.015 0.576 0.034 1.232 0.031 0.657 -0.038
6.130 -0.016 0.576 0.035 1.232 0.031 0.657 -0.038
6.150 -0.016 0.576 0.035 1.232 0.032 0.656 -0.039
6.170 -0.017 0.577 0.036 1.232 0.032 0.656 -0.039
6.190 -0.017 0.577 0.036 1.232 0.033 0.656 -0.039
6.210 -0.017 0.577 0.037 1.232 0.033 0.656 -0.040
6.230 -0.018 0.577 0.037 1.232 0.034 0.656 -0.040
6.250 -0.018 0.578 0.038 1.232 0.034 0.655 -0.041
6.270 -0.018 0.578 0.038 1.232 0.034 0.655 -0.041
6.290 -0.019 0.578 0.039 1.232 0.035 0.655 -0.042
6.310 -0.019 0.578 0.039 1.232 0.035 0.655 -0.042
6.330 -0.019 0.579 0.040 1.232 0.036 0.654 -0.042
6.350 -0.020 0.579 0.040 1.232 0.036 0.654 -0.043
6.370 -0.020 0.579 0.041 1.232 0.037 0.654 -0.043
6.390 -0.020 0.580 0.041 1.232 0.037 0.653 -0.044
6.410 -0.021 0.580 0.042 1.232 0.037 0.653 -0.044
6.430 -0.021 0.580 0.042 1.232 0.038 0.653 -0.044
6.450 -0.021 0.581 0.042 1.232 0.038 0.653 -0.045
6.470 -0.022 0.581 0.043 1.232 0.039 0.652 -0.045
6.490 -0.022 0.581 0.043 1.232 0.039 0.652 -0.045
6.510 -0.022 0.581 0.044 1.232 0.039 0.652 -0.046
6.530 -0.022 0.582 0.044 1.232 0.040 0.651 -0.046
6.550 -0.023 0.582 0.044 1.232 0.040 0.651 -0.046
6.570 -0.023 0.582 0.045 1.232 0.041 0.651 -0.047
6.590 -0.023 0.583 0.045 1.232 0.041 0.651 -0.047
6.610 -0.023 0.583 0.045 1.232 0.041 0.650 -0.047
6.630 -0.024 0.583 0.046 1.232 0.042 0.650 -0.048
6.650 -0.024 0.584 0.046 1.232 0.042 0.650 -0.048
6.670 -0.024 0.584 0.046 1.232 0.042 0.649 -0.048
6.690 -0.024 0.584 0.047 1.232 0.043 0.649 -0.049
6.710 -0.025 0.585 0.047 1.232 0.043 0.649 -0.049
6.730 -0.025 0.585 0.047 1.232 0.043 0.648 -0.049
6.750 -0.025 0.585 0.048 1.232 0.044 0.648 -0.049
6.770 -0.025 0.586 0.048 1.232 0.044 0.648 -0.050
6.790 -0.026 0.586 0.048 1.232 0.044 0.647 -0.050
6.810 -0.026 0.586 0.049 1.232 0.045 0.647 -0.050
6.830 -0.026 0.587 0.049 1.232 0.045 0.647 -0.050
6.850 -0.026 0.587 0.049 1.232 0.045 0.646 -0.051
6.870 -0.026 0.587 0.049 1.232 0.045 0.646 -0.051
6.890 -0.027 0.588 0.050 1.232 0.046 0.646 -0.051
6.910 -0.027 0.588 0.050 1.232 0.046 0.645 -0.051
6.930 -0.027 0.588 0.050 1.232 0.046 0.645 -0.052
6.950 -0.027 0.589 0.050 1.232 0.046 0.645 -0.052
6.970 -0.027 0.589 0.050 1.232 0.047 0.644 -0.052
6.990 -0.028 0.589 0.051 1.232 0.047 0.644 -0.052
7.010 -0.028 0.590 0.051 1.232 0.047 0.644 -0.052
7.030 -0.028 0.590 0.051 1.232 0.047 0.643 -0.053
7.050 -0.028 0.591 0.051 1.232 0.048 0.643 -0.053
7.070 -0.028 0.591 0.051 1.232 0.048 0.643 -0.053
7.090 -0.028 0.591 0.052 1.232 0.048 0.642 -0.053
7.110 -0.028 0.592 0.052 1.232 0.048 0.642 -0.053
7.130 -0.028 0.592 0.052 1.232 0.048 0.641 -0.053
7.150 -0.029 0.592 0.052 1.232 0.049 0.641 -0.053
7.170 -0.029 0.593 0.052 1.232 0.049 0.641 -0.054
7.190 -0.029 0.593 0.052 1.232 0.049 0.640 -0.054
7.210 -0.029 0.594 0.052 1.232 0.049 0.640 -0.054
7.230 -0.029 0.594 0.052 1.232 0.049 0.640 -0.054
7.250 -0.029 0.594 0.053 1.232 0.049 0.639 -0.054
7.270 -0.029 0.595 0.053 1.232 0.049 0.639 -0.054
7.290 -0.029 0.595 0.053 1.232 0.050 0.639 -0.054
7.310 -0.029 0.595 0.053 1.232 0.050 0.638 -0.054
7.330 -0.029 0.596 0.053 1.232 0.050 0.638 -0.054
7.350 -0.029 0.596 0.053 1.232 0.050 0.637 -0.055
7.370 -0.029 0.597 0.053 1.232 0.050 0.637 -0.055
7.390 -0.029 0.597 0.053 1.232 0.050 0.637 -0.055
7.410 -0.029 0.597 0.053 1.232 0.050 0.636 -0.055
7.430 -0.030 0.598 0.053 1.232 0.050 0.636 -0.055
7.450 -0.030 0.598 0.053 1.232 0.050 0.636 -0.055
7.470 -0.030 0.598 0.053 1.232 0.050 0.635 -0.055
7.490 -0.030 0.599 0.053 1.232 0.050 0.635 -0.055
7.510 -0.030 0.599 0.053 1.232 0.050 0.634 -0.055
7.530 -0.030 0.600 0.053 1.232 0.050 0.634 -0.055
7.550 -0.030 0.600 0.053 1.232 0.050 0.634 -0.055
7.570 -0.029 0.600 0.053 1.232 0.050 0.633 -0.055
7.590 -0.029 0.601 0.053 1.232 0.051 0.633 -0.055
7.610 -0.029 0.601 0.053 1.232 0.050 0.633 -0.055
7.630 -0.029 0.601 0.053 1.232 0.050 0.632 -0.055
7.650 -0.029 0.602 0.053 1.232 0.050 0.632 -0.055
7.670 -0.029 0.602 0.053 1.232 0.050 0.631 -0.055
7.690 -0.029 0.603 0.052 1.232 0.050 0.631 -0.055
7.710 -0.029 0.603 0.052 1.232 0.050 0.631 -0.055
7.730 -0.029 0.603 0.052 1.232 0.050 0.630 -0.055
7.750 -0.029 0.604 0.052 1.232 0.050 0.630 -0.055
7.770 -0.029 0.604 0.052 1.232 0.050 0.630 -0.055
7.790 -0.029 0.604 0.052 1.232 0.050 0.629 -0.054
7.810 -0.029 0.605 0.052 1.232 0.050 0.629 -0.054
7.830 -0.029 0.605 0.052 1.232 0.050 0.628 -0.054
7.850 -0.028 0.605 0.051 1.232 0.050 0.628 -0.054
7.870 -0.028 0.606 0.051 1.232 0.050 0.628 -0.054
7.890 -0.028 0.606 0.051 1.232 0.050 0.627 -0.054
7.910 -0.028 0.607 0.051 1.232 0.050 0.627 -0.054
7.930 -0.028 0.607 0.051 1.232 0.049 0.627 -0.054
7.950 -0.028 0.607 0.051 1.232 0.049 0.626 -0.054
7.970 -0.028 0.608 0.050 1.232 0.049 0.626 -0.054
7.990 -0.027 0.608 0.050 1.232 0.049 0.626 -0.053
8.010 -0.027 0.608 0.050 1.232 0.049 0.625 -0.053
8.030 -0.027 0.609 0.050 1.232 0.049 0.625 -0.053
8.050 -0.027 0.609 0.050 1.232 0.048 0.624 -0.053
8.070 -0.027 0.609 0.049 1.232 0.048 0.624 -0.053
8.090 -0.027 0.610 0.049 1.232 0.048 0.624 -0.053
8.110 -0.026 0.610 0.049 1.232 0.048 0.623 -0.052
8.130 -0.026 0.610 0.049 1.232 0.048 0.623 -0.052
8.150 -0.026 0.611 0.048 1.232 0.047 0.623 -0.052
8.170 -0.026 0.611 0.048 1.232 0.047 0.622 -0.052
8.190 -0.026 0.611 0.048 1.232 0.047 0.622 -0.052
8.210 -0.025 0.612 0.047 1.232 0.047 0.622 -0.052
8.230 -0.025 0.612 0.047 1.232 0.046 0.621 -0.051
8.250 -0.025 0.612 0.047 1.232 0.046 0.621 -0.051
8.270 -0.025 0.613 0.046 1.232 0.046 0.621 -0.051
8.290 -0.024 0.613 0.046 1.232 0.046 0.620 -0.051
8.310 -0.024 0.613 0.046 1.232 0.045 0.620 -0.050
8.330 -0.024 0.614 0.046 1.232 0.045 0.620 -0.050
8.350 -0.023 0.614 0.045 1.232 0.045 0.619 -0.050
8.370 -0.023 0.614 0.045 1.232 0.045 0.619 -0.050
8.390 -0.023 0.615 0.044 1.232 0.044 0.619 -0.050
8.410 -0.023 0.615 0.044 1.232 0.044 0.618 -0.049
8.430 -0.022 0.615 0.044 1.232 0.044 0.618 -0.049
8.450 -0.022 0.616 0.043 1.232 0.043 0.618 -0.049
8.470 -0.022 0.616 0.043 1.232 0.043 0.617 -0.048
8.490 -0.021 0.616 0.043 1.232 0.043 0.617 -0.048
8.510 -0.021 0.617 0.042 1.232 0.042 0.617 -0.048
8.530 -0.021 0.617 0.042 1.232 0.042 0.616 -0.048
8.550 -0.020 0.617 0.041 1.232 0.042 0.616 -0.047
8.570 -0.020 0.617 0.041 1.232 0.041 0.616 -0.047
8.590 -0.020 0.618 0.041 1.232 0.041 0.615 -0.047
8.610 -0.019 0.618 0.040 1.232 0.040 0.615 -0.046
8.630 -0.019 0.618 0.040 1.232 0.040 0.615 -0.046
8.650 -0.019 0.619 0.039 1.232 0.040 0.614 -0.046
8.670 -0.018 0.619 0.039 1.232 0.039 0.614 -0.046
8.690 -0.018 0.619 0.038 1.232 0.039 0.614 -0.045
8.710 -0.017 0.619 0.038 1.232 0.038 0.614 -0.045
8.730 -0.017 0.620 0.038 1.232 0.038 0.613 -0.045
8.750 -0.017 0.620 0.037 1.232 0.037 0.613 -0.044
8.770 -0.016 0.620 0.037 1.232 0.037 0.613 -0.044
8.790 -0.016 0.620 0.036 1.232 0.037 0.613 -0.044
8.810 -0.015 0.621 0.036 1.232 0.036 0.612 -0.043
8.830 -0.015 0.621 0.035 1.232 0.036 0.612 -0.043
8.850 -0.015 0.621 0.035 1.232 0.035 0.612 -0.043
8.870 -0.014 0.621 0.034 1.232 0.035 0.611 -0.042
8.890 -0.014 0.622 0.034 1.232 0.034 0.611 -0.042
8.910 -0.013 0.622 0.033 1.232 0.034 0.611 -0.041
8.930 -0.013 0.622 0.033 1.232 0.033 0.611 -0.041
8.950 -0.012 0.622 0.032 1.232 0.033 0.610 -0.041
8.970 -0.012 0.623 0.032 1.232 0.032 0.610 -0.040
8.990 -0.011 0.623 0.031 1.232 0.032 0.610 -0.040
9.010 -0.011 0.623 0.031 1.232 0.031 0.610 -0.040
9.030 -0.011 0.623 0.030 1.232 0.031 0.610 -0.039
9.050 -0.010 0.623 0.030 1.232 0.030 0.609 -0.039
9.070 -0.010 0.624 0.029 1.232 0.030 0.609 -0.038
9.090 -0.009 0.624 0.029 1.232 0.029 0.609 -0.038
9.110 -0.009 0.624 0.028 1.232 0.029 0.609 -0.038
9.130 -0.008 0.624 0.027 1.232 0.028 0.608 -0.037
9.150 -0.008 0.624 0.027 1.232 0.028 0.608 -0.037
9.170 -0.007 0.625 0.026 1.232 0.027 0.608 -0.036
9.190 -0.007 0.625 0.026 1.232 0.026 0.608 -0.036
9.210 -0.006 0.625 0.025 1.232 0.026 0.608 -0.036
9.230 -0.006 0.625 0.025 1.232 0.025 0.607 -0.035
9.250 -0.005 0.625 0.024 1.232 0.025 0.607 -0.035
9.270 -0.005 0.626 0.024 1.232 0.024 0.607 -0.034
9.290 -0.004 0.626 0.023 1.232 0.024 0.607 -0.034
9.310 -0.004 0.626 0.022 1.232 0.023 0.607 -0.033
9.330 -0.003 0.626 0.022 1.232 0.022 0.607 -0.033
9.350 -0.003 0.626 0.021 1.232 0.022 0.606 -0.033
9.370 -0.002 0.626 0.021 1.232 0.021 0.606 -0.032
9.390 -0.002 0.626 0.020 1.232 0.021 0.606 -0.032
9.410 -0.001 0.627 0.019 1.232 0.020 0.606 -0.031
9.430 -0.000 0.627 0.019 1.232 0.019 0.606 -0.031
9.450 0.000 0.627 0.018 1.232 0.019 0.606 -0.030
9.470 0.001 0.627 0.018 1.232 0.018 0.605 -0.030
9.490 0.001 0.627 0.017 1.232 0.018 0.605 -0.030
9.510 0.002 0.627 0.016 1.232 0.017 0.605 -0.029
9.530 0.002 0.627 0.016 1.232 0.016 0.605 -0.029
9.550 0.003 0.627 0.015 1.232 0.016 0.605 -0.028
9.570 0.003 0.628 0.015 1.232 0.015 0.605 -0.028
9.590 0.004 0.628 0.014 1.232 0.014 0.605 -0.027
9.610 0.005 0.628 0.013 1.232 0.014 0.605 -0.027
9.630 0.005 0.628 0.013 1.232 0.013 0.605 -0.026
9.650 0.006 0.628 0.012 1.232 0.013 0.604 -0.026
9.670 0.006 0.628 0.012 1.232 0.012 0.604 -0.025
9.690 0.007 0.628 0.011 1.232 0.011 0.604 -0.025
9.710 0.007 0.628 0.010 1.232 0.011 0.604 -0.024
9.730 0.008 0.628 0.010 1.232 0.010 0.604 -0.024
9.750 0.009 0.628 0.009 1.232 0.009 0.604 -0.024
9.770 0.009 0.628 0.008 1.232 0.009 0.604 -0.023
9.790 0.010 0.628 0.008 1.232 0.008 0.604 -0.023
9.810 0.010 0.629 0.007 1.232 0.007 0.604 -0.022
9.830 0.011 0.629 0.007 1.232 0.007 0.604 -0.022
9.850 0.011 0.629 0.006 1.232 0.006 0.604 -0.021
9.870 0.012 0.629 0.005 1.232 0.005 0.604 -0.021
9.890 0.013 0.629 0.005 1.232 0.005 0.604 -0.020
9.910 0.013 0.629 0.004 1.232 0.004 0.604 -0.020
9.930 0.014 0.629 0.003 1.232 0.003 0.604 -0.019
9.950 0.015 0.629 0.002 1.232 0.003 0.604 -0.019
9.970 0.015 0.629 0.002 1.232 0.002 0.604 -0.018
9.990 0.016 0.629 0.001 1.232 0.001 0.604 -0.018
10.010 0.016 0.629 0.001 1.232 0.001 0.604 -0.017
10.020 0.016 0.629 0.001 1.232 0.001 0.604 -0.017
