-0.000 0.735 -0.000 1.448 0.000 0.713 0.000
-0.000 0.735 -0.000 1.448 0.000 0.713 0.000
0.000 0.735 -0.000 1.448 -0.000 0.713 0.000
0.001 0.735 -0.001 1.448 -0.001 0.713 0.001
0.001 0.735 -0.002 1.448 -0.002 0.713 0.001
0.002 0.735 -0.002 1.448 -0.002 0.713 0.002
0.003 0.735 -0.003 1.448 -0.003 0.713 0.002
0.003 0.735 -0.004 1.448 -0.004 0.713 0.002
0.004 0.735 -0.004 1.448 -0.004 0.713 0.003
0.004 0.735 -0.005 1.448 -0.005 0.713 0.003
0.005 0.735 -0.005 1.448 -0.006 0.713 0.004
0.005 0.735 -0.006 1.448 -0.006 0.714 0.004
0.006 0.735 -0.007 1.448 -0.007 0.714 0.005
0.006 0.735 -0.007 1.448 -0.007 0.714 0.005
0.007 0.735 -0.008 1.448 -0.008 0.714 0.005
0.007 0.735 -0.008 1.448 -0.009 0.714 0.006
0.008 0.735 -0.009 1.448 -0.009 0.714 0.006
0.008 0.735 -0.010 1.448 -0.010 0.714 0.007
0.009 0.735 -0.010 1.448 -0.010 0.714 0.007
0.009 0.734 -0.011 1.448 -0.011 0.714 0.007
0.010 0.734 -0.011 1.448 -0.012 0.714 0.008
0.010 0.734 -0.012 1.448 -0.012 0.714 0.008
0.011 0.734 -0.013 1.448 -0.013 0.714 0.009
0.011 0.734 -0.013 1.448 -0.014 0.715 0.009
0.012 0.734 -0.014 1.448 -0.014 0.715 0.009
0.012 0.734 -0.014 1.448 -0.015 0.715 0.010
0.012 0.734 -0.015 1.448 -0.015 0.715 0.010
0.013 0.734 -0.016 1.448 -0.016 0.715 0.011
0.013 0.733 -0.016 1.448 -0.016 0.715 0.011
0.014 0.733 -0.017 1.448 -0.017 0.715 0.011
0.014 0.733 -0.017 1.448 -0.018 0.715 0.012
0.015 0.733 -0.018 1.448 -0.018 0.716 0.012
0.015 0.733 -0.018 1.448 -0.019 0.716 0.013
0.016 0.733 -0.019 1.448 -0.019 0.716 0.013
0.016 0.733 -0.020 1.448 -0.020 0.716 0.013
0.017 0.732 -0.020 1.448 -0.020 0.716 0.014
0.017 0.732 -0.021 1.448 -0.021 0.716 0.014
0.018 0.732 -0.021 1.448 -0.022 0.717 0.014
0.018 0.732 -0.022 1.448 -0.022 0.717 0.015
0.019 0.732 -0.022 1.448 -0.023 0.717 0.015
0.019 0.732 -0.023 1.448 -0.023 0.717 0.016
0.019 0.731 -0.023 1.448 -0.024 0.717 0.016
0.020 0.731 -0.024 1.448 -0.024 0.718 0.016
0.020 0.731 -0.024 1.448 -0.025 0.718 0.017
0.021 0.731 -0.025 1.448 -0.025 0.718 0.017
0.021 0.731 -0.026 1.448 -0.026 0.718 0.017
0.022 0.730 -0.026 1.448 -0.026 0.718 0.018
0.022 0.730 -0.027 1.448 -0.027 0.719 0.018
0.022 0.730 -0.027 1.448 -0.027 0.719 0.018
0.023 0.730 -0.028 1.448 -0.028 0.719 0.019
0.023 0.729 -0.028 1.448 -0.028 0.719 0.019
0.024 0.729 -0.029 1.448 -0.029 0.720 0.019
0.024 0.729 -0.029 1.448 -0.029 0.720 0.020
0.025 0.729 -0.030 1.448 -0.030 0.720 0.020
0.025 0.729 -0.030 1.448 -0.030 0.720 0.020
0.025 0.728 -0.031 1.448 -0.031 0.721 0.021
0.026 0.728 -0.031 1.448 -0.031 0.721 0.021
0.026 0.728 -0.032 1.448 -0.032 0.721 0.021
0.027 0.728 -0.032 1.448 -0.032 0.721 0.022
0.027 0.727 -0.033 1.448 -0.033 0.722 0.022
0.027 0.727 -0.033 1.448 -0.033 0.722 0.022
0.028 0.727 -0.033 1.448 -0.034 0.722 0.023
0.028 0.726 -0.034 1.448 -0.034 0.723 0.023
0.028 0.726 -0.034 1.448 -0.035 0.723 0.023
0.029 0.726 -0.035 1.448 -0.035 0.723 0.024
0.029 0.726 -0.035 1.448 -0.035 0.723 0.024
0.029 0.725 -0.036 1.448 -0.036 0.724 0.024
0.030 0.725 -0.036 1.448 -0.036 0.724 0.024
0.030 0.725 -0.037 1.448 -0.037 0.724 0.025
0.030 0.724 -0.037 1.448 -0.037 0.725 0.025
0.031 0.724 -0.037 1.448 -0.037 0.725 0.025
0.031 0.724 -0.038 1.448 -0.038 0.725 0.025
0.031 0.724 -0.038 1.448 -0.038 0.726 0.026
0.032 0.723 -0.039 1.448 -0.038 0.726 0.026
0.032 0.723 -0.039 1.448 -0.039 0.726 0.026
0.032 0.723 -0.039 1.448 -0.039 0.727 0.027
0.033 0.722 -0.040 1.448 -0.040 0.727 0.027
0.033 0.722 -0.040 1.448 -0.040 0.727 0.027
0.033 0.722 -0.041 1.448 -0.040 0.728 0.027
0.034 0.721 -0.041 1.448 -0.041 0.728 0.027
0.034 0.721 -0.041 1.448 -0.041 0.728 0.028
0.034 0.721 -0.042 1.448 -0.041 0.729 0.028
0.034 0.720 -0.042 1.448 -0.042 0.729 0.028
0.035 0.720 -0.042 1.448 -0.042 0.729 0.028
0.035 0.720 -0.043 1.448 -0.042 0.730 0.029
0.035 0.719 -0.043 1.448 -0.042 0.730 0.029
0.035 0.719 -0.043 1.448 -0.043 0.731 0.029
0.036 0.719 -0.044 1.448 -0.043 0.731 0.029
0.036 0.718 -0.044 1.448 -0.043 0.731 0.029
0.036 0.718 -0.044 1.448 -0.044 0.732 0.030
0.036 0.717 -0.044 1.448 -0.044 0.732 0.030
0.037 0.717 -0.045 1.448 -0.044 0.732 0.030
0.037 0.717 -0.045 1.448 -0.044 0.733 0.030
0.037 0.716 -0.045 1.448 -0.044 0.733 0.030
0.037 0.716 -0.046 1.448 -0.045 0.733 0.030
0.037 0.716 -0.046 1.448 -0.045 0.734 0.031
0.038 0.715 -0.046 1.448 -0.045 0.734 0.031
0.038 0.715 -0.046 1.448 -0.045 0.735 0.031
0.038 0.715 -0.047 1.448 -0.046 0.735 0.031
0.038 0.714 -0.047 1.448 -0.046 0.735 0.031
0.038 0.714 -0.047 1.448 -0.046 0.736 0.031
0.038 0.713 -0.047 1.448 -0.046 0.736 0.032
0.039 0.713 -0.048 1.448 -0.046 0.737 0.032
0.039 0.713 -0.048 1.448 -0.046 0.737 0.032
0.039 0.712 -0.048 1.448 -0.047 0.737 0.032
0.039 0.712 -0.048 1.448 -0.047 0.738 0.032
0.039 0.711 -0.048 1.448 -0.047 0.738 0.032
0.039 0.711 -0.048 1.448 -0.047 0.739 0.032
0.039 0.711 -0.049 1.448 -0.047 0.739 0.032
0.040 0.710 -0.049 1.448 -0.047 0.739 0.032
0.040 0.710 -0.049 1.448 -0.047 0.740 0.032
0.040 0.709 -0.049 1.448 -0.047 0.740 0.033
0.040 0.709 -0.049 1.448 -0.048 0.741 0.033
0.040 0.709 -0.049 1.448 -0.048 0.741 0.033
0.040 0.708 -0.049 1.448 -0.048 0.741 0.033
0.040 0.708 -0.050 1.448 -0.048 0.742 0.033
0.040 0.707 -0.050 1.448 -0.048 0.742 0.033
0.040 0.707 -0.050 1.448 -0.048 0.743 0.033
0.040 0.707 -0.050 1.448 -0.048 0.743 0.033
0.040 0.706 -0.050 1.448 -0.048 0.743 0.033
0.040 0.706 -0.050 1.448 -0.048 0.744 0.033
0.041 0.705 -0.050 1.448 -0.048 0.744 0.033
0.041 0.705 -0.050 1.448 -0.048 0.745 0.033
0.041 0.705 -0.050 1.448 -0.048 0.745 0.033
0.041 0.704 -0.050 1.448 -0.048 0.745 0.033
0.041 0.704 -0.050 1.448 -0.048 0.746 0.033
0.041 0.703 -0.050 1.448 -0.048 0.746 0.033
0.041 0.703 -0.050 1.448 -0.048 0.747 0.033
0.041 0.703 -0.050 1.448 -0.048 0.747 0.033
0.041 0.702 -0.050 1.448 -0.048 0.748 0.033
0.041 0.702 -0.050 1.448 -0.048 0.748 0.033
0.041 0.701 -0.050 1.448 -0.048 0.748 0.033
0.041 0.701 -0.050 1.448 -0.048 0.749 0.033
0.041 0.701 -0.050 1.448 -0.048 0.749 0.033
0.041 0.700 -0.050 1.448 -0.048 0.750 0.033
0.041 0.700 -0.050 1.448 -0.047 0.750 0.033
0.041 0.699 -0.050 1.448 -0.047 0.750 0.033
0.040 0.699 -0.050 1.448 -0.047 0.751 0.033
0.040 0.698 -0.050 1.448 -0.047 0.751 0.032
0.040 0.698 -0.050 1.448 -0.047 0.752 0.032
0.040 0.698 -0.050 1.448 -0.047 0.752 0.032
0.040 0.697 -0.050 1.448 -0.047 0.752 0.032
0.040 0.697 -0.050 1.448 -0.047 0.753 0.032
0.040 0.696 -0.050 1.448 -0.047 0.753 0.032
0.040 0.696 -0.050 1.448 -0.046 0.754 0.032
0.040 0.696 -0.049 1.448 -0.046 0.754 0.032
0.040 0.695 -0.049 1.448 -0.046 0.754 0.032
0.040 0.695 -0.049 1.448 -0.046 0.755 0.031
0.040 0.694 -0.049 1.448 -0.046 0.755 0.031
0.040 0.694 -0.049 1.448 -0.046 0.756 0.031
0.039 0.694 -0.049 1.448 -0.045 0.756 0.031
0.039 0.693 -0.049 1.448 -0.045 0.756 0.031
0.039 0.693 -0.048 1.448 -0.045 0.757 0.031
0.039 0.692 -0.048 1.448 -0.045 0.757 0.031
0.039 0.692 -0.048 1.448 -0.045 0.757 0.030
0.039 0.692 -0.048 1.448 -0.044 0.758 0.030
0.039 0.691 -0.048 1.448 -0.044 0.758 0.030
0.038 0.691 -0.047 1.448 -0.044 0.759 0.030
0.038 0.691 -0.047 1.448 -0.044 0.759 0.030
0.038 0.690 -0.047 1.448 -0.043 0.759 0.029
0.038 0.690 -0.047 1.448 -0.043 0.760 0.029
0.038 0.689 -0.046 1.448 -0.043 0.760 0.029
0.038 0.689 -0.046 1.448 -0.043 0.760 0.029
0.037 0.689 -0.046 1.448 -0.042 0.761 0.029
0.037 0.688 -0.046 1.448 -0.042 0.761 0.028
0.037 0.688 -0.045 1.448 -0.042 0.762 0.028
0.037 0.688 -0.045 1.448 -0.041 0.762 0.028
0.037 0.687 -0.045 1.448 -0.041 0.762 0.028
0.036 0.687 -0.044 1.448 -0.041 0.763 0.027
0.036 0.686 -0.044 1.448 -0.040 0.763 0.027
0.036 0.686 -0.044 1.448 -0.040 0.763 0.027
0.036 0.686 -0.043 1.448 -0.040 0.764 0.027
0.036 0.685 -0.043 1.448 -0.039 0.764 0.026
0.035 0.685 -0.043 1.448 -0.039 0.764 0.026
0.035 0.685 -0.042 1.448 -0.039 0.765 0.026
0.035 0.684 -0.042 1.448 -0.038 0.765 0.026
0.035 0.684 -0.042 1.448 -0.038 0.765 0.025
0.034 0.684 -0.041 1.448 -0.038 0.766 0.025
0.034 0.683 -0.041 1.448 -0.037 0.766 0.025
0.034 0.683 -0.041 1.448 -0.037 0.766 0.024
0.034 0.683 -0.040 1.448 -0.037 0.767 0.024
0.033 0.682 -0.040 1.448 -0.036 0.767 0.024
0.033 0.682 -0.039 1.448 -0.036 0.767 0.023
0.033 0.682 -0.039 1.448 -0.035 0.767 0.023
0.033 0.681 -0.039 1.448 -0.035 0.768 0.023
0.032 0.681 -0.038 1.448 -0.035 0.768 0.022
0.032 0.681 -0.038 1.448 -0.034 0.768 0.022
0.032 0.680 -0.037 1.448 -0.034 0.769 0.022
0.031 0.680 -0.037 1.448 -0.033 0.769 0.021
0.031 0.680 -0.037 1.448 -0.033 0.769 0.021
0.031 0.680 -0.036 1.448 -0.033 0.769 0.021
0.030 0.679 -0.036 1.448 -0.032 0.770 0.020
0.030 0.679 -0.035 1.448 -0.032 0.770 0.020
0.030 0.679 -0.035 1.448 -0.031 0.770 0.020
0.030 0.678 -0.034 1.448 -0.031 0.771 0.019
0.029 0.678 -0.034 1.448 -0.030 0.771 0.019
0.029 0.678 -0.033 1.448 -0.030 0.771 0.018
0.029 0.678 -0.033 1.448 -0.029 0.771 0.018
0.028 0.677 -0.032 1.448 -0.029 0.772 0.018
0.028 0.677 -0.032 1.448 -0.029 0.772 0.017
0.028 0.677 -0.031 1.448 -0.028 0.772 0.017
0.027 0.677 -0.031 1.448 -0.028 0.772 0.016
0.027 0.676 -0.030 1.448 -0.027 0.773 0.016
0.027 0.676 -0.030 1.448 -0.027 0.773 0.016
0.026 0.676 -0.029 1.448 -0.026 0.773 0.015
0.026 0.676 -0.029 1.448 -0.026 0.773 0.015
0.026 0.675 -0.028 1.448 -0.025 0.773 0.014
0.025 0.675 -0.028 1.448 -0.025 0.774 0.014
0.025 0.675 -0.027 1.448 -0.024 0.774 0.013
0.024 0.675 -0.026 1.448 -0.024 0.774 0.013
0.024 0.675 -0.026 1.448 -0.023 0.774 0.013
0.024 0.674 -0.025 1.448 -0.023 0.774 0.012
0.023 0.674 -0.025 1.448 -0.022 0.775 0.012
0.023 0.674 -0.024 1.448 -0.022 0.775 0.011
0.023 0.674 -0.024 1.448 -0.021 0.775 0.011
0.022 0.674 -0.023 1.448 -0.021 0.775 0.010
0.022 0.673 -0.022 1.448 -0.020 0.775 0.010
0.022 0.673 -0.022 1.448 -0.019 0.775 0.009
0.021 0.673 -0.021 1.448 -0.019 0.776 0.009
0.021 0.673 -0.021 1.448 -0.018 0.776 0.009
0.020 0.673 -0.020 1.448 -0.018 0.776 0.008
0.020 0.673 -0.019 1.448 -0.017 0.776 0.008
0.020 0.672 -0.019 1.448 -0.017 0.776 0.007
0.019 0.672 -0.018 1.448 -0.016 0.776 0.007
0.019 0.672 -0.018 1.448 -0.016 0.777 0.006
0.018 0.672 -0.017 1.448 -0.015 0.777 0.006
0.018 0.672 -0.016 1.448 -0.015 0.777 0.005
0.018 0.672 -0.016 1.448 -0.014 0.777 0.005
0.017 0.672 -0.015 1.448 -0.013 0.777 0.004
0.017 0.671 -0.015 1.448 -0.013 0.777 0.004
0.016 0.671 -0.014 1.448 -0.012 0.777 0.003
0.016 0.671 -0.013 1.448 -0.012 0.777 0.003
0.016 0.671 -0.013 1.448 -0.011 0.777 0.002
0.015 0.671 -0.012 1.448 -0.011 0.778 0.002
0.015 0.671 -0.011 1.448 -0.010 0.778 0.001
0.014 0.671 -0.011 1.448 -0.010 0.778 0.001
0.014 0.671 -0.010 1.448 -0.009 0.778 0.000
0.014 0.671 -0.009 1.448 -0.008 0.778 -0.000
0.013 0.671 -0.009 1.448 -0.008 0.778 -0.001
0.013 0.671 -0.008 1.448 -0.007 0.778 -0.001
0.012 0.670 -0.008 1.448 -0.007 0.778 -0.002
0.012 0.670 -0.007 1.448 -0.006 0.778 -0.002
0.012 0.670 -0.006 1.448 -0.006 0.778 -0.003
0.011 0.670 -0.006 1.448 -0.005 0.778 -0.003
0.011 0.670 -0.005 1.448 -0.004 0.778 -0.004
0.010 0.670 -0.004 1.448 -0.004 0.778 -0.004
0.010 0.670 -0.004 1.448 -0.003 0.778 -0.005
0.010 0.670 -0.003 1.448 -0.003 0.778 -0.005
0.009 0.670 -0.002 1.448 -0.002 0.778 -0.006
0.009 0.670 -0.002 1.448 -0.002 0.778 -0.006
0.008 0.670 -0.001 1.448 -0.001 0.778 -0.007
0.008 0.670 -0.000 1.448 -0.000 0.778 -0.007
0.007 0.670 0.000 1.448 0.000 0.778 -0.008
0.007 0.670 0.001 1.448 0.001 0.778 -0.008
0.007 0.670 0.002 1.448 0.001 0.778 -0.009
0.006 0.670 0.002 1.448 0.002 0.778 -0.009
0.006 0.670 0.003 1.448 0.003 0.778 -0.010
0.005 0.670 0.004 1.448 0.003 0.778 -0.010
0.005 0.670 0.004 1.448 0.004 0.778 -0.011
0.005 0.670 0.005 1.448 0.004 0.778 -0.011
0.004 0.670 0.005 1.448 0.005 0.778 -0.012
0.004 0.670 0.006 1.448 0.005 0.778 -0.012
0.003 0.670 0.007 1.448 0.006 0.778 -0.013
0.003 0.670 0.007 1.448 0.007 0.778 -0.013
0.002 0.671 0.008 1.448 0.007 0.778 -0.014
0.002 0.671 0.009 1.448 0.008 0.778 -0.014
0.002 0.671 0.009 1.448 0.008 0.778 -0.015
0.001 0.671 0.010 1.448 0.009 0.778 -0.015
0.001 0.671 0.011 1.448 0.009 0.778 -0.016
0.000 0.671 0.011 1.448 0.010 0.778 -0.016
0.000 0.671 0.012 1.448 0.011 0.778 -0.017
-0.000 0.671 0.013 1.448 0.011 0.777 -0.017
-0.001 0.671 0.013 1.448 0.012 0.777 -0.018
-0.001 0.671 0.014 1.448 0.012 0.777 -0.018
-0.002 0.671 0.014 1.448 0.013 0.777 -0.019
-0.002 0.672 0.015 1.448 0.013 0.777 -0.019
-0.002 0.672 0.016 1.448 0.014 0.777 -0.020
-0.003 0.672 0.016 1.448 0.014 0.777 -0.020
-0.003 0.672 0.017 1.448 0.015 0.777 -0.021
-0.004 0.672 0.018 1.448 0.016 0.777 -0.021
-0.004 0.672 0.018 1.448 0.016 0.776 -0.022
-0.004 0.672 0.019 1.448 0.017 0.776 -0.022
-0.005 0.673 0.019 1.448 0.017 0.776 -0.023
-0.005 0.673 0.020 1.448 0.018 0.776 -0.023
-0.005 0.673 0.021 1.448 0.018 0.776 -0.024
-0.006 0.673 0.021 1.448 0.019 0.776 -0.024
-0.006 0.673 0.022 1.448 0.019 0.776 -0.025
-0.007 0.673 0.022 1.448 0.020 0.775 -0.025
-0.007 0.674 0.023 1.448 0.020 0.775 -0.025
-0.007 0.674 0.023 1.448 0.021 0.775 -0.026
-0.008 0.674 0.024 1.448 0.021 0.775 -0.026
-0.008 0.674 0.025 1.448 0.022 0.775 -0.027
-0.008 0.674 0.025 1.448 0.022 0.774 -0.027
-0.009 0.675 0.026 1.448 0.023 0.774 -0.028
-0.009 0.675 0.026 1.448 0.024 0.774 -0.028
-0.010 0.675 0.027 1.448 0.024 0.774 -0.029
-0.010 0.675 0.027 1.448 0.025 0.774 -0.029
-0.010 0.675 0.028 1.448 0.025 0.773 -0.029
-0.011 0.676 0.028 1.448 0.026 0.773 -0.030
-0.011 0.676 0.029 1.448 0.026 0.773 -0.030
-0.011 0.676 0.030 1.448 0.026 0.773 -0.031
-0.012 0.676 0.030 1.448 0.027 0.773 -0.031
-0.012 0.677 0.031 1.448 0.027 0.772 -0.032
-0.012 0.677 0.031 1.448 0.028 0.772 -0.032
-0.013 0.677 0.032 1.448 0.028 0.772 -0.032
-0.013 0.677 0.032 1.448 0.029 0.772 -0.033
-0.013 0.678 0.033 1.448 0.029 0.771 -0.033
-0.014 0.678 0.033 1.448 0.030 0.771 -0.034
-0.014 0.678 0.034 1.448 0.030 0.771 -0.034
-0.014 0.678 0.034 1.448 0.031 0.771 -0.034
-0.015 0.679 0.035 1.448 0.031 0.770 -0.035
-0.015 0.679 0.035 1.448 0.032 0.770 -0.035
-0.015 0.679 0.035 1.448 0.032 0.770 -0.035
-0.015 0.680 0.036 1.448 0.032 0.770 -0.036
-0.016 0.680 0.036 1.448 0.033 0.769 -0.036
-0.016 0.680 0.037 1.448 0.033 0.769 -0.037
-0.016 0.680 0.037 1.448 0.034 0.769 -0.037
-0.017 0.681 0.038 1.448 0.034 0.768 -0.037
-0.017 0.681 0.038 1.448 0.035 0.768 -0.038
-0.017 0.681 0.039 1.448 0.035 0.768 -0.038
-0.018 0.682 0.039 1.448 0.035 0.768 -0.038
-0.018 0.682 0.039 1.448 0.036 0.767 -0.039
-0.018 0.682 0.040 1.448 0.036 0.767 -0.039
-0.018 0.683 0.040 1.448 0.037 0.767 -0.039
-0.019 0.683 0.041 1.448 0.037 0.766 -0.040
-0.019 0.683 0.041 1.448 0.037 0.766 -0.040
-0.019 0.684 0.041 1.448 0.038 0.766 -0.040
-0.019 0.684 0.042 1.448 0.038 0.765 -0.040
-0.020 0.684 0.042 1.448 0.038 0.765 -0.041
-0.020 0.685 0.042 1.448 0.039 0.765 -0.041
-0.020 0.685 0.043 1.448 0.039 0.764 -0.041
-0.020 0.685 0.043 1.448 0.039 0.764 -0.042
-0.020 0.686 0.043 1.448 0.040 0.764 -0.042
-0.021 0.686 0.044 1.448 0.040 0.763 -0.042
-0.021 0.686 0.044 1.448 0.040 0.763 -0.042
-0.021 0.687 0.044 1.448 0.041 0.763 -0.043
-0.021 0.687 0.045 1.448 0.041 0.762 -0.043
-0.022 0.687 0.045 1.448 0.041 0.762 -0.043
-0.022 0.688 0.045 1.448 0.042 0.762 -0.043
-0.022 0.688 0.046 1.448 0.042 0.761 -0.044
-0.022 0.689 0.046 1.448 0.042 0.761 -0.044
-0.022 0.689 0.046 1.448 0.042 0.761 -0.044
-0.022 0.689 0.046 1.448 0.043 0.760 -0.044
-0.023 0.690 0.047 1.448 0.043 0.760 -0.044
-0.023 0.690 0.047 1.448 0.043 0.759 -0.045
-0.023 0.690 0.047 1.448 0.044 0.759 -0.045
-0.023 0.691 0.047 1.448 0.044 0.759 -0.045
-0.023 0.691 0.047 1.448 0.044 0.758 -0.045
-0.023 0.692 0.048 1.448 0.044 0.758 -0.045
-0.024 0.692 0.048 1.448 0.044 0.758 -0.046
-0.024 0.692 0.048 1.448 0.045 0.757 -0.046
-0.024 0.693 0.048 1.448 0.045 0.757 -0.046
-0.024 0.693 0.048 1.448 0.045 0.756 -0.046
-0.024 0.694 0.049 1.448 0.045 0.756 -0.046
-0.024 0.694 0.049 1.448 0.046 0.756 -0.046
-0.024 0.694 0.049 1.448 0.046 0.755 -0.047
-0.024 0.695 0.049 1.448 0.046 0.755 -0.047
-0.025 0.695 0.049 1.448 0.046 0.754 -0.047
-0.025 0.696 0.049 1.448 0.046 0.754 -0.047
-0.025 0.696 0.050 1.448 0.046 0.754 -0.047
-0.025 0.696 0.050 1.448 0.047 0.753 -0.047
-0.025 0.697 0.050 1.448 0.047 0.753 -0.047
-0.025 0.697 0.050 1.448 0.047 0.752 -0.047
-0.025 0.698 0.050 1.448 0.047 0.752 -0.048
-0.025 0.698 0.050 1.448 0.047 0.752 -0.048
-0.025 0.698 0.050 1.448 0.047 0.751 -0.048
-0.025 0.699 0.050 1.448 0.047 0.751 -0.048
-0.025 0.699 0.050 1.448 0.047 0.750 -0.048
-0.025 0.700 0.050 1.448 0.047 0.750 -0.048
-0.025 0.700 0.050 1.448 0.048 0.750 -0.048
-0.025 0.700 0.050 1.448 0.048 0.749 -0.048
-0.025 0.701 0.050 1.448 0.048 0.749 -0.048
-0.025 0.701 0.050 1.448 0.048 0.748 -0.048
-0.025 0.702 0.050 1.448 0.048 0.748 -0.048
-0.025 0.702 0.050 1.448 0.048 0.748 -0.048
-0.025 0.702 0.050 1.448 0.048 0.747 -0.048
-0.025 0.703 0.050 1.448 0.048 0.747 -0.048
-0.025 0.703 0.050 1.448 0.048 0.746 -0.048
-0.025 0.704 0.050 1.448 0.048 0.746 -0.048
-0.025 0.704 0.050 1.448 0.048 0.746 -0.048
-0.025 0.705 0.050 1.448 0.048 0.745 -0.048
-0.025 0.705 0.050 1.448 0.048 0.745 -0.048
-0.025 0.705 0.050 1.448 0.048 0.744 -0.048
-0.025 0.706 0.050 1.448 0.048 0.744 -0.048
-0.025 0.706 0.050 1.448 0.048 0.744 -0.048
-0.025 0.707 0.050 1.448 0.048 0.743 -0.048
-0.025 0.707 0.050 1.448 0.048 0.743 -0.048
-0.025 0.707 0.050 1.448 0.048 0.742 -0.048
-0.025 0.708 0.050 1.448 0.048 0.742 -0.048
-0.025 0.708 0.050 1.448 0.048 0.741 -0.048
-0.025 0.709 0.049 1.448 0.048 0.741 -0.048
-0.025 0.709 0.049 1.448 0.048 0.741 -0.048
-0.025 0.709 0.049 1.448 0.047 0.740 -0.048
-0.024 0.710 0.049 1.448 0.047 0.740 -0.048
-0.024 0.710 0.049 1.448 0.047 0.739 -0.048
-0.024 0.711 0.049 1.448 0.047 0.739 -0.048
-0.024 0.711 0.048 1.448 0.047 0.739 -0.047
-0.024 0.711 0.048 1.448 0.047 0.738 -0.047
-0.024 0.712 0.048 1.448 0.047 0.738 -0.047
-0.024 0.712 0.048 1.448 0.047 0.737 -0.047
-0.024 0.713 0.048 1.448 0.046 0.737 -0.047
-0.023 0.713 0.048 1.448 0.046 0.737 -0.047
-0.023 0.713 0.047 1.448 0.046 0.736 -0.047
-0.023 0.714 0.047 1.448 0.046 0.736 -0.047
-0.023 0.714 0.047 1.448 0.046 0.735 -0.047
-0.023 0.714 0.047 1.448 0.046 0.735 -0.046
-0.023 0.715 0.046 1.448 0.045 0.735 -0.046
-0.022 0.715 0.046 1.448 0.045 0.734 -0.046
-0.022 0.716 0.046 1.448 0.045 0.734 -0.046
-0.022 0.716 0.046 1.448 0.045 0.734 -0.046
-0.022 0.716 0.045 1.448 0.045 0.733 -0.046
-0.022 0.717 0.045 1.448 0.044 0.733 -0.045
-0.021 0.717 0.045 1.448 0.044 0.732 -0.045
-0.021 0.717 0.045 1.448 0.044 0.732 -0.045
-0.021 0.718 0.044 1.448 0.044 0.732 -0.045
-0.021 0.718 0.044 1.448 0.043 0.731 -0.045
-0.020 0.718 0.044 1.448 0.043 0.731 -0.045
-0.020 0.719 0.043 1.448 0.043 0.731 -0.044
-0.020 0.719 0.043 1.448 0.042 0.730 -0.044
-0.020 0.720 0.043 1.448 0.042 0.730 -0.044
-0.019 0.720 0.042 1.448 0.042 0.729 -0.044
-0.019 0.720 0.042 1.448 0.042 0.729 -0.043
-0.019 0.721 0.042 1.448 0.041 0.729 -0.043
-0.019 0.721 0.041 1.448 0.041 0.728 -0.043
-0.018 0.721 0.041 1.448 0.041 0.728 -0.043
-0.018 0.722 0.041 1.448 0.040 0.728 -0.043
-0.018 0.722 0.040 1.448 0.040 0.727 -0.042
-0.017 0.722 0.040 1.448 0.040 0.727 -0.042
-0.017 0.723 0.039 1.448 0.039 0.727 -0.042
-0.017 0.723 0.039 1.448 0.039 0.726 -0.042
-0.017 0.723 0.039 1.448 0.039 0.726 -0.041
-0.016 0.723 0.038 1.448 0.038 0.726 -0.041
-0.016 0.724 0.038 1.448 0.038 0.725 -0.041
-0.016 0.724 0.037 1.448 0.037 0.725 -0.041
-0.015 0.724 0.037 1.448 0.037 0.725 -0.040
-0.015 0.725 0.037 1.448 0.037 0.724 -0.040
-0.015 0.725 0.036 1.448 0.036 0.724 -0.040
-0.014 0.725 0.036 1.448 0.036 0.724 -0.039
-0.014 0.726 0.035 1.448 0.035 0.724 -0.039
-0.014 0.726 0.035 1.448 0.035 0.723 -0.039
-0.013 0.726 0.034 1.448 0.035 0.723 -0.039
-0.013 0.726 0.034 1.448 0.034 0.723 -0.038
-0.012 0.727 0.034 1.448 0.034 0.722 -0.038
-0.012 0.727 0.033 1.448 0.033 0.722 -0.038
-0.012 0.727 0.033 1.448 0.033 0.722 -0.037
-0.011 0.727 0.032 1.448 0.032 0.722 -0.037
-0.011 0.728 0.032 1.448 0.032 0.721 -0.037
-0.011 0.728 0.031 1.448 0.031 0.721 -0.036
-0.010 0.728 0.031 1.448 0.031 0.721 -0.036
-0.010 0.728 0.030 1.448 0.031 0.720 -0.036
-0.009 0.729 0.030 1.448 0.030 0.720 -0.035
-0.009 0.729 0.029 1.448 0.030 0.720 -0.035
-0.009 0.729 0.029 1.448 0.029 0.720 -0.035
-0.008 0.729 0.028 1.448 0.029 0.719 -0.034
-0.008 0.730 0.028 1.448 0.028 0.719 -0.034
-0.007 0.730 0.027 1.448 0.028 0.719 -0.034
-0.007 0.730 0.027 1.448 0.027 0.719 -0.033
-0.007 0.730 0.026 1.448 0.027 0.719 -0.033
-0.006 0.731 0.026 1.448 0.026 0.718 -0.033
-0.006 0.731 0.025 1.448 0.025 0.718 -0.032
-0.005 0.731 0.025 1.448 0.025 0.718 -0.032
-0.005 0.731 0.024 1.448 0.024 0.718 -0.032
-0.004 0.731 0.024 1.448 0.024 0.717 -0.031
-0.004 0.732 0.023 1.448 0.023 0.717 -0.031
-0.003 0.732 0.022 1.448 0.023 0.717 -0.030
-0.003 0.732 0.022 1.448 0.022 0.717 -0.030
-0.003 0.732 0.021 1.448 0.022 0.717 -0.030
-0.002 0.732 0.021 1.448 0.021 0.716 -0.029
-0.002 0.732 0.020 1.448 0.021 0.716 -0.029
-0.001 0.733 0.020 1.448 0.020 0.716 -0.029
-0.001 0.733 0.019 1.448 0.019 0.716 -0.028
-0.000 0.733 0.019 1.448 0.019 0.716 -0.028
0.000 0.733 0.018 1.448 0.018 0.716 -0.027
0.001 0.733 0.017 1.448 0.018 0.715 -0.027
0.001 0.733 0.017 1.448 0.017 0.715 -0.027
0.002 0.733 0.016 1.448 0.017 0.715 -0.026
0.002 0.734 0.016 1.448 0.016 0.715 -0.026
0.003 0.734 0.015 1.448 0.015 0.715 -0.025
0.003 0.734 0.015 1.448 0.015 0.715 -0.025
0.004 0.734 0.014 1.448 0.014 0.715 -0.025
0.004 0.734 0.013 1.448 0.014 0.715 -0.024
0.005 0.734 0.013 1.448 0.013 0.714 -0.024
0.005 0.734 0.012 1.448 0.012 0.714 -0.023
0.006 0.734 0.012 1.448 0.012 0.714 -0.023
0.006 0.734 0.011 1.448 0.011 0.714 -0.023
0.007 0.735 0.010 1.448 0.011 0.714 -0.022
0.007 0.735 0.010 1.448 0.010 0.714 -0.022
0.008 0.735 0.009 1.448 0.009 0.714 -0.021
0.008 0.735 0.009 1.448 0.009 0.714 -0.021
0.009 0.735 0.008 1.448 0.008 0.714 -0.021
0.009 0.735 0.007 1.448 0.008 0.714 -0.020
0.010 0.735 0.007 1.448 0.007 0.714 -0.020
0.010 0.735 0.006 1.448 0.006 0.714 -0.019
0.011 0.735 0.006 1.448 0.006 0.713 -0.019
0.011 0.735 0.005 1.448 0.005 0.713 -0.019
0.012 0.735 0.004 1.448 0.004 0.713 -0.018
0.012 0.735 0.004 1.448 0.004 0.713 -0.018
0.013 0.735 0.003 1.448 0.003 0.713 -0.017
0.013 0.735 0.002 1.448 0.002 0.713 -0.017
0.014 0.735 0.002 1.448 0.002 0.713 -0.016
0.014 0.735 0.001 1.448 0.001 0.713 -0.016
0.015 0.735 0.001 1.448 0.001 0.713 -0.016
0.015 0.735 0.001 1.448 0.001 0.713 -0.016
