-0.000 0.795 -0.000 1.439 0.000 0.643 0.000
-0.000 0.795 -0.000 1.439 0.000 0.643 0.000
0.001 0.795 -0.001 1.439 -0.001 0.643 0.000
0.002 0.795 -0.002 1.439 -0.002 0.643 0.001
0.004 0.795 -0.004 1.439 -0.005 0.643 0.002
0.007 0.795 -0.006 1.439 -0.007 0.644 0.004
0.009 0.795 -0.008 1.439 -0.010 0.644 0.005
0.011 0.795 -0.010 1.439 -0.012 0.644 0.006
0.012 0.795 -0.011 1.439 -0.014 0.644 0.007
0.014 0.795 -0.013 1.439 -0.016 0.644 0.007
0.016 0.795 -0.015 1.439 -0.017 0.644 0.008
0.018 0.795 -0.016 1.439 -0.019 0.644 0.009
0.019 0.795 -0.018 1.439 -0.021 0.644 0.010
0.021 0.795 -0.020 1.439 -0.023 0.645 0.011
0.023 0.794 -0.021 1.439 -0.025 0.645 0.012
0.025 0.794 -0.023 1.439 -0.027 0.645 0.013
0.026 0.794 -0.024 1.439 -0.029 0.645 0.014
0.028 0.794 -0.026 1.439 -0.031 0.645 0.015
0.030 0.794 -0.028 1.439 -0.033 0.646 0.016
0.032 0.793 -0.029 1.439 -0.035 0.646 0.017
0.033 0.793 -0.031 1.439 -0.037 0.646 0.018
0.035 0.793 -0.032 1.439 -0.038 0.647 0.019
0.037 0.793 -0.034 1.439 -0.040 0.647 0.019
0.038 0.792 -0.036 1.439 -0.042 0.647 0.020
0.040 0.792 -0.037 1.439 -0.044 0.648 0.021
0.042 0.792 -0.039 1.439 -0.046 0.648 0.022
0.043 0.792 -0.040 1.439 -0.048 0.648 0.023
0.045 0.791 -0.042 1.439 -0.050 0.649 0.024
0.047 0.791 -0.044 1.439 -0.051 0.649 0.025
0.048 0.791 -0.045 1.439 -0.053 0.650 0.026
0.050 0.790 -0.047 1.439 -0.055 0.650 0.027
0.052 0.790 -0.048 1.439 -0.057 0.650 0.028
0.053 0.789 -0.050 1.439 -0.059 0.651 0.028
0.055 0.789 -0.051 1.439 -0.060 0.651 0.029
0.057 0.789 -0.053 1.439 -0.062 0.652 0.030
0.058 0.788 -0.055 1.439 -0.064 0.652 0.031
0.060 0.788 -0.056 1.439 -0.066 0.653 0.032
0.061 0.787 -0.058 1.439 -0.067 0.653 0.033
0.063 0.787 -0.059 1.439 -0.069 0.654 0.034
0.065 0.786 -0.061 1.439 -0.071 0.655 0.034
0.066 0.786 -0.062 1.439 -0.072 0.655 0.035
0.068 0.785 -0.064 1.439 -0.074 0.656 0.036
0.069 0.785 -0.065 1.439 -0.076 0.656 0.037
0.071 0.784 -0.067 1.439 -0.077 0.657 0.038
0.072 0.784 -0.068 1.439 -0.079 0.658 0.039
0.074 0.783 -0.070 1.439 -0.081 0.658 0.039
0.075 0.783 -0.071 1.439 -0.082 0.659 0.040
0.077 0.782 -0.073 1.439 -0.084 0.660 0.041
0.078 0.782 -0.074 1.439 -0.085 0.660 0.042
0.080 0.781 -0.076 1.439 -0.087 0.661 0.043
0.081 0.780 -0.077 1.439 -0.088 0.662 0.044
0.083 0.780 -0.079 1.439 -0.090 0.663 0.044
0.084 0.779 -0.080 1.439 -0.091 0.663 0.045
0.085 0.779 -0.081 1.439 -0.093 0.664 0.046
0.087 0.778 -0.083 1.439 -0.094 0.665 0.047
0.088 0.777 -0.084 1.439 -0.096 0.666 0.047
0.090 0.777 -0.086 1.439 -0.097 0.666 0.048
0.091 0.776 -0.087 1.439 -0.099 0.667 0.049
0.092 0.775 -0.089 1.439 -0.100 0.668 0.050
0.094 0.775 -0.090 1.439 -0.101 0.669 0.050
0.095 0.774 -0.091 1.439 -0.103 0.670 0.051
0.096 0.773 -0.093 1.439 -0.104 0.671 0.052
0.098 0.772 -0.094 1.439 -0.105 0.671 0.053
0.099 0.772 -0.095 1.439 -0.107 0.672 0.053
0.100 0.771 -0.097 1.439 -0.108 0.673 0.054
0.101 0.770 -0.098 1.439 -0.109 0.674 0.055
0.103 0.769 -0.099 1.439 -0.111 0.675 0.055
0.104 0.769 -0.101 1.439 -0.112 0.676 0.056
0.105 0.768 -0.102 1.439 -0.113 0.677 0.057
0.106 0.767 -0.103 1.439 -0.114 0.678 0.057
0.107 0.766 -0.104 1.439 -0.115 0.679 0.058
0.108 0.765 -0.106 1.439 -0.117 0.680 0.059
0.110 0.764 -0.107 1.439 -0.118 0.681 0.059
0.111 0.764 -0.108 1.439 -0.119 0.682 0.060
0.112 0.763 -0.109 1.439 -0.120 0.683 0.061
0.113 0.762 -0.111 1.439 -0.121 0.684 0.061
0.114 0.761 -0.112 1.439 -0.122 0.685 0.062
0.115 0.760 -0.113 1.439 -0.123 0.686 0.062
0.116 0.759 -0.114 1.439 -0.124 0.687 0.063
0.117 0.758 -0.115 1.439 -0.125 0.688 0.064
0.118 0.757 -0.116 1.439 -0.126 0.689 0.064
0.119 0.756 -0.118 1.439 -0.127 0.690 0.065
0.120 0.755 -0.119 1.439 -0.128 0.691 0.065
0.121 0.754 -0.120 1.439 -0.129 0.692 0.066
0.122 0.754 -0.121 1.439 -0.129 0.693 0.066
0.123 0.753 -0.122 1.439 -0.130 0.694 0.067
0.124 0.752 -0.123 1.439 -0.131 0.695 0.067
0.125 0.751 -0.124 1.439 -0.132 0.696 0.068
0.125 0.750 -0.125 1.439 -0.133 0.698 0.068
0.126 0.749 -0.126 1.439 -0.133 0.699 0.069
0.127 0.748 -0.127 1.439 -0.134 0.700 0.069
0.128 0.747 -0.128 1.439 -0.135 0.701 0.070
0.129 0.746 -0.129 1.439 -0.135 0.702 0.070
0.129 0.744 -0.130 1.439 -0.136 0.703 0.070
0.130 0.743 -0.131 1.439 -0.137 0.704 0.071
0.131 0.742 -0.132 1.439 -0.137 0.706 0.071
0.132 0.741 -0.133 1.439 -0.138 0.707 0.072
0.132 0.740 -0.133 1.439 -0.138 0.708 0.072
0.133 0.739 -0.134 1.439 -0.139 0.709 0.072
0.134 0.738 -0.135 1.439 -0.139 0.710 0.073
0.134 0.737 -0.136 1.439 -0.140 0.711 0.073
0.135 0.736 -0.137 1.439 -0.140 0.713 0.073
0.136 0.735 -0.138 1.439 -0.141 0.714 0.073
0.136 0.734 -0.138 1.439 -0.141 0.715 0.074
0.137 0.733 -0.139 1.439 -0.142 0.716 0.074
0.137 0.731 -0.140 1.439 -0.142 0.717 0.074
0.138 0.730 -0.140 1.439 -0.142 0.719 0.075
0.138 0.729 -0.141 1.439 -0.143 0.720 0.075
0.139 0.728 -0.142 1.439 -0.143 0.721 0.075
0.139 0.727 -0.142 1.439 -0.143 0.722 0.075
0.140 0.726 -0.143 1.439 -0.143 0.723 0.075
0.140 0.725 -0.144 1.439 -0.144 0.725 0.076
0.141 0.723 -0.144 1.439 -0.144 0.726 0.076
0.141 0.722 -0.145 1.439 -0.144 0.727 0.076
0.142 0.721 -0.145 1.439 -0.144 0.728 0.076
0.142 0.720 -0.146 1.439 -0.144 0.730 0.076
0.142 0.719 -0.146 1.439 -0.144 0.731 0.076
0.143 0.717 -0.147 1.439 -0.145 0.732 0.076
0.143 0.716 -0.147 1.439 -0.145 0.733 0.076
0.143 0.715 -0.148 1.439 -0.145 0.734 0.076
0.144 0.714 -0.148 1.439 -0.145 0.736 0.076
0.144 0.713 -0.149 1.439 -0.145 0.737 0.076
0.144 0.711 -0.149 1.439 -0.145 0.738 0.076
0.144 0.710 -0.149 1.439 -0.145 0.739 0.076
0.145 0.709 -0.150 1.439 -0.144 0.741 0.076
0.145 0.708 -0.150 1.439 -0.144 0.742 0.076
0.145 0.707 -0.150 1.439 -0.144 0.743 0.076
0.145 0.705 -0.151 1.439 -0.144 0.744 0.076
0.145 0.704 -0.151 1.439 -0.144 0.746 0.076
0.145 0.703 -0.151 1.439 -0.144 0.747 0.076
0.146 0.702 -0.151 1.439 -0.143 0.748 0.076
0.146 0.700 -0.151 1.439 -0.143 0.749 0.076
0.146 0.699 -0.152 1.439 -0.143 0.750 0.076
0.146 0.698 -0.152 1.439 -0.143 0.752 0.075
0.146 0.697 -0.152 1.439 -0.142 0.753 0.075
0.146 0.696 -0.152 1.439 -0.142 0.754 0.075
0.146 0.694 -0.152 1.439 -0.142 0.755 0.075
0.146 0.693 -0.152 1.439 -0.141 0.756 0.074
0.146 0.692 -0.152 1.439 -0.141 0.758 0.074
0.146 0.691 -0.152 1.439 -0.141 0.759 0.074
0.146 0.689 -0.152 1.439 -0.140 0.760 0.074
0.146 0.688 -0.152 1.439 -0.140 0.761 0.073
0.146 0.687 -0.152 1.439 -0.139 0.762 0.073
0.146 0.686 -0.152 1.439 -0.139 0.764 0.073
0.145 0.685 -0.151 1.439 -0.138 0.765 0.072
0.145 0.683 -0.151 1.439 -0.138 0.766 0.072
0.145 0.682 -0.151 1.439 -0.137 0.767 0.071
0.145 0.681 -0.151 1.439 -0.137 0.768 0.071
0.145 0.680 -0.151 1.439 -0.136 0.769 0.071
0.145 0.678 -0.150 1.439 -0.135 0.771 0.070
0.144 0.677 -0.150 1.439 -0.135 0.772 0.070
0.144 0.676 -0.150 1.439 -0.134 0.773 0.069
0.144 0.675 -0.149 1.439 -0.133 0.774 0.069
0.144 0.674 -0.149 1.439 -0.133 0.775 0.068
0.143 0.672 -0.149 1.439 -0.132 0.776 0.068
0.143 0.671 -0.148 1.439 -0.131 0.777 0.067
0.143 0.670 -0.148 1.439 -0.131 0.778 0.066
0.143 0.669 -0.147 1.439 -0.130 0.780 0.066
0.142 0.668 -0.147 1.439 -0.129 0.781 0.065
0.142 0.666 -0.146 1.439 -0.128 0.782 0.065
0.142 0.665 -0.146 1.439 -0.127 0.783 0.064
0.141 0.664 -0.145 1.439 -0.127 0.784 0.063
0.141 0.663 -0.145 1.439 -0.126 0.785 0.063
0.141 0.662 -0.144 1.439 -0.125 0.786 0.062
0.140 0.661 -0.143 1.439 -0.124 0.787 0.061
0.140 0.660 -0.143 1.439 -0.123 0.788 0.060
0.139 0.658 -0.142 1.439 -0.122 0.789 0.060
0.139 0.657 -0.141 1.439 -0.121 0.790 0.059
0.138 0.656 -0.140 1.439 -0.120 0.791 0.058
0.138 0.655 -0.140 1.439 -0.119 0.792 0.057
0.138 0.654 -0.139 1.439 -0.118 0.793 0.056
0.137 0.653 -0.138 1.439 -0.117 0.794 0.055
0.137 0.652 -0.137 1.439 -0.116 0.795 0.055
0.136 0.651 -0.136 1.439 -0.115 0.796 0.054
0.136 0.650 -0.135 1.439 -0.114 0.797 0.053
0.135 0.648 -0.135 1.439 -0.113 0.798 0.052
0.134 0.647 -0.134 1.439 -0.112 0.799 0.051
0.134 0.646 -0.133 1.439 -0.111 0.800 0.050
0.133 0.645 -0.132 1.439 -0.110 0.801 0.049
0.133 0.644 -0.131 1.439 -0.109 0.802 0.048
0.132 0.643 -0.130 1.439 -0.108 0.803 0.047
0.132 0.642 -0.129 1.439 -0.107 0.804 0.046
0.131 0.641 -0.128 1.439 -0.106 0.804 0.045
0.130 0.640 -0.126 1.439 -0.105 0.805 0.044
0.130 0.639 -0.125 1.439 -0.103 0.806 0.043
0.129 0.638 -0.124 1.439 -0.102 0.807 0.042
0.129 0.637 -0.123 1.439 -0.101 0.808 0.041
0.128 0.636 -0.122 1.439 -0.100 0.809 0.039
0.127 0.635 -0.121 1.439 -0.099 0.810 0.038
0.127 0.634 -0.119 1.439 -0.098 0.810 0.037
0.126 0.633 -0.118 1.439 -0.096 0.811 0.036
0.125 0.632 -0.117 1.439 -0.095 0.812 0.035
0.124 0.632 -0.116 1.439 -0.094 0.813 0.034
0.124 0.631 -0.114 1.439 -0.093 0.813 0.032
0.123 0.630 -0.113 1.439 -0.091 0.814 0.031
0.122 0.629 -0.111 1.439 -0.090 0.815 0.030
0.122 0.628 -0.110 1.439 -0.089 0.816 0.029
0.121 0.627 -0.109 1.439 -0.087 0.816 0.027
0.120 0.626 -0.107 1.439 -0.086 0.817 0.026
0.119 0.625 -0.106 1.439 -0.085 0.818 0.025
0.119 0.625 -0.104 1.439 -0.084 0.819 0.023
0.118 0.624 -0.103 1.439 -0.082 0.819 0.022
0.117 0.623 -0.101 1.439 -0.081 0.820 0.021
0.116 0.622 -0.100 1.439 -0.080 0.821 0.019
0.116 0.621 -0.098 1.439 -0.078 0.821 0.018
0.115 0.621 -0.097 1.439 -0.077 0.822 0.016
0.114 0.620 -0.095 1.439 -0.075 0.822 0.015
0.113 0.619 -0.094 1.439 -0.074 0.823 0.014
0.112 0.619 -0.092 1.439 -0.073 0.824 0.012
0.112 0.618 -0.090 1.439 -0.071 0.824 0.011
0.111 0.617 -0.089 1.439 -0.070 0.825 0.009
0.110 0.616 -0.087 1.439 -0.069 0.825 0.008
0.109 0.616 -0.085 1.439 -0.067 0.826 0.006
0.108 0.615 -0.084 1.439 -0.066 0.827 0.005
0.107 0.614 -0.082 1.439 -0.064 0.827 0.003
0.107 0.614 -0.080 1.439 -0.063 0.828 0.002
0.106 0.613 -0.079 1.439 -0.061 0.828 0.000
0.105 0.613 -0.077 1.439 -0.060 0.829 -0.001
0.104 0.612 -0.075 1.439 -0.058 0.829 -0.003
0.103 0.611 -0.073 1.439 -0.057 0.830 -0.005
0.102 0.611 -0.072 1.439 -0.056 0.830 -0.006
0.101 0.610 -0.070 1.439 -0.054 0.830 -0.008
0.101 0.610 -0.068 1.439 -0.053 0.831 -0.009
0.100 0.609 -0.066 1.439 -0.051 0.831 -0.011
0.099 0.609 -0.064 1.439 -0.050 0.832 -0.013
0.098 0.608 -0.062 1.439 -0.048 0.832 -0.014
0.097 0.608 -0.061 1.439 -0.047 0.832 -0.016
0.096 0.607 -0.059 1.439 -0.045 0.833 -0.018
0.095 0.607 -0.057 1.439 -0.044 0.833 -0.019
0.094 0.607 -0.055 1.439 -0.042 0.834 -0.021
0.093 0.606 -0.053 1.439 -0.041 0.834 -0.023
0.093 0.606 -0.051 1.439 -0.039 0.834 -0.024
0.092 0.605 -0.049 1.439 -0.038 0.834 -0.026
0.091 0.605 -0.047 1.439 -0.036 0.835 -0.028
0.090 0.605 -0.045 1.439 -0.035 0.835 -0.029
0.089 0.604 -0.043 1.439 -0.033 0.835 -0.031
0.088 0.604 -0.041 1.439 -0.032 0.836 -0.033
0.087 0.604 -0.039 1.439 -0.030 0.836 -0.034
0.086 0.603 -0.037 1.439 -0.029 0.836 -0.036
0.085 0.603 -0.035 1.439 -0.027 0.836 -0.038
0.084 0.603 -0.033 1.439 -0.026 0.837 -0.040
0.083 0.603 -0.031 1.439 -0.024 0.837 -0.041
0.082 0.602 -0.029 1.439 -0.022 0.837 -0.043
0.082 0.602 -0.027 1.439 -0.021 0.837 -0.045
0.081 0.602 -0.025 1.439 -0.019 0.837 -0.047
0.080 0.602 -0.023 1.439 -0.018 0.837 -0.048
0.079 0.602 -0.021 1.439 -0.016 0.838 -0.050
0.078 0.601 -0.019 1.439 -0.015 0.838 -0.052
0.077 0.601 -0.017 1.439 -0.013 0.838 -0.054
0.076 0.601 -0.015 1.439 -0.012 0.838 -0.056
0.075 0.601 -0.013 1.439 -0.010 0.838 -0.057
0.074 0.601 -0.011 1.439 -0.009 0.838 -0.059
0.073 0.601 -0.009 1.439 -0.007 0.838 -0.061
0.072 0.601 -0.007 1.439 -0.005 0.838 -0.063
0.071 0.601 -0.005 1.439 -0.004 0.838 -0.064
0.070 0.601 -0.003 1.439 -0.002 0.838 -0.066
0.069 0.601 -0.001 1.439 -0.001 0.838 -0.068
0.068 0.601 0.001 1.439 0.001 0.838 -0.070
0.067 0.601 0.003 1.439 0.002 0.838 -0.072
0.067 0.601 0.005 1.439 0.004 0.838 -0.073
0.066 0.601 0.007 1.439 0.005 0.838 -0.075
0.065 0.601 0.009 1.439 0.007 0.838 -0.077
0.064 0.601 0.011 1.439 0.009 0.838 -0.079
0.063 0.601 0.013 1.439 0.010 0.838 -0.081
0.062 0.601 0.015 1.439 0.012 0.838 -0.082
0.061 0.601 0.017 1.439 0.013 0.838 -0.084
0.060 0.601 0.019 1.439 0.015 0.838 -0.086
0.059 0.602 0.021 1.439 0.016 0.838 -0.088
0.058 0.602 0.023 1.439 0.018 0.837 -0.089
0.057 0.602 0.025 1.439 0.019 0.837 -0.091
0.056 0.602 0.027 1.439 0.021 0.837 -0.093
0.055 0.602 0.029 1.439 0.022 0.837 -0.095
0.054 0.603 0.031 1.439 0.024 0.837 -0.096
0.053 0.603 0.033 1.439 0.026 0.837 -0.098
0.053 0.603 0.035 1.439 0.027 0.836 -0.100
0.052 0.603 0.037 1.439 0.029 0.836 -0.102
0.051 0.604 0.039 1.439 0.030 0.836 -0.103
0.050 0.604 0.041 1.439 0.032 0.836 -0.105
0.049 0.604 0.043 1.439 0.033 0.835 -0.107
0.048 0.605 0.045 1.439 0.035 0.835 -0.109
0.047 0.605 0.047 1.439 0.036 0.835 -0.110
0.046 0.605 0.049 1.439 0.038 0.834 -0.112
0.045 0.606 0.051 1.439 0.039 0.834 -0.114
0.044 0.606 0.053 1.439 0.041 0.834 -0.115
0.043 0.607 0.055 1.439 0.042 0.834 -0.117
0.043 0.607 0.057 1.439 0.044 0.833 -0.119
0.042 0.607 0.059 1.439 0.045 0.833 -0.120
0.041 0.608 0.061 1.439 0.047 0.832 -0.122
0.040 0.608 0.062 1.439 0.048 0.832 -0.124
0.039 0.609 0.064 1.439 0.050 0.832 -0.125
0.038 0.609 0.066 1.439 0.051 0.831 -0.127
0.037 0.610 0.068 1.439 0.053 0.831 -0.129
0.036 0.610 0.070 1.439 0.054 0.830 -0.130
0.036 0.611 0.072 1.439 0.056 0.830 -0.132
0.035 0.611 0.073 1.439 0.057 0.829 -0.133
0.034 0.612 0.075 1.439 0.059 0.829 -0.135
0.033 0.613 0.077 1.439 0.060 0.829 -0.137
0.032 0.613 0.079 1.439 0.061 0.828 -0.138
0.031 0.614 0.080 1.439 0.063 0.828 -0.140
0.030 0.614 0.082 1.439 0.064 0.827 -0.141
0.030 0.615 0.084 1.439 0.066 0.826 -0.143
0.029 0.616 0.085 1.439 0.067 0.826 -0.144
0.028 0.616 0.087 1.439 0.069 0.825 -0.146
0.027 0.617 0.089 1.439 0.070 0.825 -0.147
0.026 0.618 0.090 1.439 0.071 0.824 -0.149
0.026 0.619 0.092 1.439 0.073 0.824 -0.150
0.025 0.619 0.094 1.439 0.074 0.823 -0.152
0.024 0.620 0.095 1.439 0.075 0.822 -0.153
0.023 0.621 0.097 1.439 0.077 0.822 -0.154
0.022 0.621 0.098 1.439 0.078 0.821 -0.156
0.022 0.622 0.100 1.439 0.080 0.821 -0.157
0.021 0.623 0.101 1.439 0.081 0.820 -0.159
0.020 0.624 0.103 1.439 0.082 0.819 -0.160
0.019 0.625 0.104 1.439 0.084 0.819 -0.161
0.019 0.625 0.106 1.439 0.085 0.818 -0.163
0.018 0.626 0.107 1.439 0.086 0.817 -0.164
0.017 0.627 0.109 1.439 0.087 0.816 -0.165
0.016 0.628 0.110 1.439 0.089 0.816 -0.167
0.016 0.629 0.112 1.439 0.090 0.815 -0.168
0.015 0.630 0.113 1.439 0.091 0.814 -0.169
0.014 0.631 0.114 1.439 0.093 0.813 -0.170
0.014 0.632 0.116 1.439 0.094 0.813 -0.172
0.013 0.632 0.117 1.439 0.095 0.812 -0.173
0.012 0.633 0.118 1.439 0.096 0.811 -0.174
0.012 0.634 0.119 1.439 0.098 0.810 -0.175
0.011 0.635 0.121 1.439 0.099 0.810 -0.176
0.010 0.636 0.122 1.439 0.100 0.809 -0.178
0.010 0.637 0.123 1.439 0.101 0.808 -0.179
0.009 0.638 0.124 1.439 0.102 0.807 -0.180
0.008 0.639 0.125 1.439 0.103 0.806 -0.181
0.008 0.640 0.126 1.439 0.105 0.805 -0.182
0.007 0.641 0.128 1.439 0.106 0.804 -0.183
0.007 0.642 0.129 1.439 0.107 0.804 -0.184
0.006 0.643 0.130 1.439 0.108 0.803 -0.185
0.005 0.644 0.131 1.439 0.109 0.802 -0.186
0.005 0.645 0.132 1.439 0.110 0.801 -0.187
0.004 0.646 0.133 1.439 0.111 0.800 -0.188
0.004 0.647 0.134 1.439 0.112 0.799 -0.189
0.003 0.648 0.135 1.439 0.113 0.798 -0.190
0.003 0.650 0.135 1.439 0.114 0.797 -0.191
0.002 0.651 0.136 1.439 0.115 0.796 -0.192
0.002 0.652 0.137 1.439 0.116 0.795 -0.193
0.001 0.653 0.138 1.439 0.117 0.794 -0.194
0.001 0.654 0.139 1.439 0.118 0.793 -0.195
0.000 0.655 0.140 1.439 0.119 0.792 -0.195
-0.000 0.656 0.140 1.439 0.120 0.791 -0.196
-0.001 0.657 0.141 1.439 0.121 0.790 -0.197
-0.001 0.658 0.142 1.439 0.122 0.789 -0.198
-0.001 0.660 0.143 1.439 0.123 0.788 -0.199
-0.002 0.661 0.143 1.439 0.124 0.787 -0.199
-0.002 0.662 0.144 1.439 0.125 0.786 -0.200
-0.003 0.663 0.145 1.439 0.126 0.785 -0.201
-0.003 0.664 0.145 1.439 0.127 0.784 -0.202
-0.003 0.665 0.146 1.439 0.127 0.783 -0.202
-0.004 0.666 0.146 1.439 0.128 0.782 -0.203
-0.004 0.668 0.147 1.439 0.129 0.781 -0.204
-0.004 0.669 0.147 1.439 0.130 0.780 -0.204
-0.005 0.670 0.148 1.439 0.131 0.778 -0.205
-0.005 0.671 0.148 1.439 0.131 0.777 -0.205
-0.005 0.672 0.149 1.439 0.132 0.776 -0.206
-0.005 0.674 0.149 1.439 0.133 0.775 -0.206
-0.006 0.675 0.149 1.439 0.133 0.774 -0.207
-0.006 0.676 0.150 1.439 0.134 0.773 -0.208
-0.006 0.677 0.150 1.439 0.135 0.772 -0.208
-0.006 0.678 0.150 1.439 0.135 0.771 -0.209
-0.006 0.680 0.151 1.439 0.136 0.769 -0.209
-0.007 0.681 0.151 1.439 0.137 0.768 -0.209
-0.007 0.682 0.151 1.439 0.137 0.767 -0.210
-0.007 0.683 0.151 1.439 0.138 0.766 -0.210
-0.007 0.685 0.151 1.439 0.138 0.765 -0.211
-0.007 0.686 0.152 1.439 0.139 0.764 -0.211
-0.007 0.687 0.152 1.439 0.139 0.762 -0.211
-0.007 0.688 0.152 1.439 0.140 0.761 -0.212
-0.007 0.689 0.152 1.439 0.140 0.760 -0.212
-0.007 0.691 0.152 1.439 0.141 0.759 -0.212
-0.007 0.692 0.152 1.439 0.141 0.758 -0.213
-0.007 0.693 0.152 1.439 0.141 0.756 -0.213
-0.007 0.694 0.152 1.439 0.142 0.755 -0.213
-0.007 0.696 0.152 1.439 0.142 0.754 -0.213
-0.007 0.697 0.152 1.439 0.142 0.753 -0.214
-0.007 0.698 0.152 1.439 0.143 0.752 -0.214
-0.007 0.699 0.152 1.439 0.143 0.750 -0.214
-0.007 0.700 0.151 1.439 0.143 0.749 -0.214
-0.007 0.702 0.151 1.439 0.143 0.748 -0.214
-0.007 0.703 0.151 1.439 0.144 0.747 -0.214
-0.007 0.704 0.151 1.439 0.144 0.746 -0.215
-0.007 0.705 0.151 1.439 0.144 0.744 -0.215
-0.007 0.707 0.150 1.439 0.144 0.743 -0.215
-0.006 0.708 0.150 1.439 0.144 0.742 -0.215
-0.006 0.709 0.150 1.439 0.144 0.741 -0.215
-0.006 0.710 0.149 1.439 0.144 0.739 -0.215
-0.006 0.711 0.149 1.439 0.145 0.738 -0.215
-0.005 0.713 0.149 1.439 0.145 0.737 -0.215
-0.005 0.714 0.148 1.439 0.145 0.736 -0.215
-0.005 0.715 0.148 1.439 0.145 0.734 -0.215
-0.005 0.716 0.147 1.439 0.145 0.733 -0.215
-0.004 0.717 0.147 1.439 0.145 0.732 -0.215
-0.004 0.719 0.146 1.439 0.144 0.731 -0.215
-0.004 0.720 0.146 1.439 0.144 0.730 -0.214
-0.003 0.721 0.145 1.439 0.144 0.728 -0.214
-0.003 0.722 0.145 1.439 0.144 0.727 -0.214
-0.002 0.723 0.144 1.439 0.144 0.726 -0.214
-0.002 0.725 0.144 1.439 0.144 0.725 -0.214
-0.001 0.726 0.143 1.439 0.143 0.723 -0.214
-0.001 0.727 0.142 1.439 0.143 0.722 -0.214
-0.001 0.728 0.142 1.439 0.143 0.721 -0.213
-0.000 0.729 0.141 1.439 0.143 0.720 -0.213
0.001 0.730 0.140 1.439 0.142 0.719 -0.213
0.001 0.731 0.140 1.439 0.142 0.717 -0.213
0.002 0.733 0.139 1.439 0.142 0.716 -0.212
0.002 0.734 0.138 1.439 0.141 0.715 -0.212
0.003 0.735 0.138 1.439 0.141 0.714 -0.212
0.003 0.736 0.137 1.439 0.140 0.713 -0.212
0.004 0.737 0.136 1.439 0.140 0.711 -0.211
0.005 0.738 0.135 1.439 0.139 0.710 -0.211
0.005 0.739 0.134 1.439 0.139 0.709 -0.211
0.006 0.740 0.133 1.439 0.138 0.708 -0.210
0.007 0.741 0.133 1.439 0.138 0.707 -0.210
0.007 0.742 0.132 1.439 0.137 0.706 -0.209
0.008 0.743 0.131 1.439 0.137 0.704 -0.209
0.009 0.744 0.130 1.439 0.136 0.703 -0.209
0.010 0.745 0.129 1.439 0.135 0.702 -0.208
0.010 0.747 0.128 1.439 0.135 0.701 -0.208
0.011 0.748 0.127 1.439 0.134 0.700 -0.207
0.012 0.749 0.126 1.439 0.133 0.699 -0.207
0.013 0.750 0.125 1.439 0.133 0.698 -0.206
0.014 0.751 0.124 1.439 0.132 0.696 -0.206
0.015 0.752 0.123 1.439 0.131 0.695 -0.205
0.016 0.753 0.122 1.439 0.130 0.694 -0.205
0.016 0.754 0.121 1.439 0.129 0.693 -0.204
0.017 0.754 0.120 1.439 0.129 0.692 -0.204
0.018 0.755 0.119 1.439 0.128 0.691 -0.203
0.019 0.756 0.118 1.439 0.127 0.690 -0.203
0.020 0.757 0.116 1.439 0.126 0.689 -0.202
0.021 0.758 0.115 1.439 0.125 0.688 -0.202
0.022 0.759 0.114 1.439 0.124 0.687 -0.201
0.023 0.760 0.113 1.439 0.123 0.686 -0.201
0.024 0.761 0.112 1.439 0.122 0.685 -0.200
0.025 0.762 0.111 1.439 0.121 0.684 -0.199
0.026 0.763 0.109 1.439 0.120 0.683 -0.199
0.028 0.764 0.108 1.439 0.119 0.682 -0.198
0.029 0.764 0.107 1.439 0.118 0.681 -0.198
0.030 0.765 0.106 1.439 0.116 0.680 -0.197
0.031 0.766 0.104 1.439 0.115 0.679 -0.196
0.032 0.767 0.103 1.439 0.114 0.678 -0.196
0.033 0.768 0.102 1.439 0.113 0.677 -0.195
0.034 0.769 0.101 1.439 0.112 0.676 -0.194
0.036 0.769 0.099 1.439 0.111 0.675 -0.194
0.037 0.770 0.098 1.439 0.109 0.674 -0.193
0.038 0.771 0.097 1.439 0.108 0.673 -0.192
0.039 0.772 0.095 1.439 0.107 0.672 -0.191
0.041 0.772 0.094 1.439 0.105 0.671 -0.191
0.042 0.773 0.093 1.439 0.104 0.671 -0.190
0.043 0.774 0.091 1.439 0.103 0.670 -0.189
0.044 0.775 0.090 1.439 0.101 0.669 -0.188
0.046 0.775 0.089 1.439 0.100 0.668 -0.188
0.047 0.776 0.087 1.439 0.099 0.667 -0.187
0.048 0.777 0.086 1.439 0.097 0.666 -0.186
0.050 0.777 0.084 1.439 0.096 0.666 -0.185
0.051 0.778 0.083 1.439 0.094 0.665 -0.185
0.053 0.779 0.081 1.439 0.093 0.664 -0.184
0.054 0.779 0.080 1.439 0.091 0.663 -0.183
0.055 0.780 0.079 1.439 0.090 0.662 -0.182
0.057 0.781 0.077 1.439 0.088 0.662 -0.182
0.058 0.781 0.076 1.439 0.087 0.661 -0.181
0.060 0.782 0.074 1.439 0.085 0.660 -0.180
0.061 0.782 0.073 1.439 0.084 0.660 -0.179
0.063 0.783 0.071 1.439 0.082 0.659 -0.178
0.064 0.783 0.070 1.439 0.081 0.658 -0.177
0.066 0.784 0.068 1.439 0.079 0.658 -0.177
0.067 0.784 0.067 1.439 0.077 0.657 -0.176
0.069 0.785 0.065 1.439 0.076 0.656 -0.175
0.070 0.785 0.064 1.439 0.074 0.656 -0.174
0.072 0.786 0.062 1.439 0.072 0.655 -0.173
0.073 0.786 0.061 1.439 0.071 0.655 -0.172
0.075 0.787 0.059 1.439 0.069 0.654 -0.171
0.077 0.787 0.058 1.439 0.067 0.653 -0.171
0.078 0.788 0.056 1.439 0.065 0.653 -0.170
0.080 0.788 0.055 1.439 0.064 0.652 -0.169
0.081 0.789 0.053 1.439 0.062 0.652 -0.168
0.083 0.789 0.051 1.439 0.060 0.651 -0.167
0.085 0.789 0.050 1.439 0.058 0.651 -0.166
0.086 0.790 0.048 1.439 0.057 0.650 -0.165
0.088 0.790 0.047 1.439 0.055 0.650 -0.164
0.089 0.791 0.045 1.439 0.053 0.649 -0.164
0.091 0.791 0.044 1.439 0.051 0.649 -0.163
0.093 0.791 0.042 1.439 0.049 0.649 -0.162
0.094 0.792 0.040 1.439 0.048 0.648 -0.161
0.096 0.792 0.039 1.439 0.046 0.648 -0.160
0.098 0.792 0.037 1.439 0.044 0.648 -0.159
0.100 0.792 0.036 1.439 0.042 0.647 -0.158
0.101 0.793 0.034 1.439 0.040 0.647 -0.157
0.103 0.793 0.032 1.439 0.038 0.647 -0.156
0.105 0.793 0.031 1.439 0.036 0.646 -0.155
0.106 0.793 0.029 1.439 0.035 0.646 -0.154
0.108 0.794 0.028 1.439 0.033 0.646 -0.154
0.110 0.794 0.026 1.439 0.031 0.645 -0.153
0.112 0.794 0.024 1.439 0.029 0.645 -0.152
0.114 0.794 0.022 1.439 0.026 0.645 -0.150
0.116 0.795 0.020 1.439 0.024 0.645 -0.149
0.118 0.795 0.018 1.439 0.022 0.644 -0.148
0.118 0.795 0.018 1.439 0.021 0.644 -0.148
0.118 0.795 0.018 1.439 0.021 0.644 -0.148
