0.000 -0.000 0.709 -0.000 1.213 0.000 0.505 0.000
0.010 -0.000 0.709 -0.000 1.213 0.000 0.505 0.000
0.030 0.001 0.709 -0.001 1.213 -0.001 0.505 0.000
0.050 0.004 0.709 -0.003 1.213 -0.004 0.505 0.001
0.070 0.007 0.709 -0.005 1.213 -0.007 0.505 0.003
0.090 0.011 0.709 -0.008 1.213 -0.011 0.505 0.004
0.110 0.014 0.709 -0.010 1.213 -0.014 0.505 0.006
0.130 0.017 0.709 -0.012 1.213 -0.017 0.505 0.007
0.150 0.020 0.708 -0.014 1.213 -0.019 0.505 0.008
0.170 0.023 0.708 -0.017 1.213 -0.022 0.505 0.009
0.190 0.026 0.708 -0.019 1.213 -0.025 0.505 0.010
0.210 0.029 0.708 -0.021 1.213 -0.028 0.506 0.011
0.230 0.031 0.708 -0.023 1.213 -0.031 0.506 0.013
0.250 0.034 0.708 -0.025 1.213 -0.033 0.506 0.014
0.270 0.037 0.708 -0.027 1.213 -0.036 0.506 0.015
0.290 0.040 0.707 -0.029 1.213 -0.039 0.506 0.016
0.310 0.043 0.707 -0.031 1.213 -0.042 0.507 0.017
0.330 0.046 0.707 -0.033 1.213 -0.044 0.507 0.018
0.350 0.048 0.707 -0.035 1.213 -0.047 0.507 0.019
0.370 0.051 0.707 -0.037 1.213 -0.050 0.508 0.021
0.390 0.054 0.706 -0.039 1.213 -0.052 0.508 0.022
0.410 0.057 0.706 -0.041 1.213 -0.055 0.508 0.023
0.430 0.060 0.706 -0.043 1.213 -0.058 0.509 0.024
0.450 0.062 0.706 -0.045 1.213 -0.060 0.509 0.025
0.470 0.065 0.705 -0.047 1.213 -0.063 0.509 0.026
0.490 0.068 0.705 -0.049 1.213 -0.066 0.510 0.027
0.510 0.070 0.705 -0.052 1.213 -0.068 0.510 0.028
0.530 0.073 0.704 -0.054 1.213 -0.071 0.511 0.030
0.550 0.076 0.704 -0.056 1.213 -0.074 0.511 0.031
0.570 0.079 0.704 -0.058 1.213 -0.076 0.512 0.032
0.590 0.081 0.703 -0.060 1.213 -0.079 0.512 0.033
0.610 0.084 0.703 -0.062 1.213 -0.081 0.513 0.034
0.630 0.087 0.702 -0.064 1.213 -0.084 0.513 0.035
0.650 0.089 0.702 -0.066 1.213 -0.086 0.514 0.036
0.670 0.092 0.702 -0.068 1.213 -0.089 0.515 0.037
0.690 0.095 0.701 -0.070 1.213 -0.091 0.515 0.038
0.710 0.097 0.701 -0.072 1.213 -0.094 0.516 0.040
0.730 0.100 0.700 -0.074 1.213 -0.096 0.516 0.041
0.750 0.102 0.700 -0.076 1.213 -0.099 0.517 0.042
0.770 0.105 0.699 -0.078 1.213 -0.101 0.518 0.043
0.790 0.107 0.699 -0.080 1.213 -0.104 0.518 0.044
0.810 0.110 0.698 -0.082 1.213 -0.106 0.519 0.045
0.830 0.112 0.698 -0.084 1.213 -0.108 0.520 0.046
0.850 0.115 0.697 -0.086 1.213 -0.111 0.521 0.047
0.870 0.117 0.697 -0.088 1.213 -0.113 0.521 0.048
0.890 0.120 0.696 -0.090 1.213 -0.115 0.522 0.049
0.910 0.122 0.695 -0.092 1.213 -0.118 0.523 0.050
0.930 0.125 0.695 -0.094 1.213 -0.120 0.524 0.051
0.950 0.127 0.694 -0.096 1.213 -0.122 0.525 0.052
0.970 0.129 0.694 -0.098 1.213 -0.124 0.525 0.053
0.990 0.132 0.693 -0.099 1.213 -0.127 0.526 0.054
1.010 0.134 0.692 -0.101 1.213 -0.129 0.527 0.056
1.030 0.136 0.692 -0.103 1.213 -0.131 0.528 0.057
1.050 0.139 0.691 -0.105 1.213 -0.133 0.529 0.058
1.070 0.141 0.690 -0.107 1.213 -0.135 0.530 0.059
1.090 0.143 0.689 -0.109 1.213 -0.137 0.531 0.060
1.110 0.146 0.689 -0.111 1.213 -0.139 0.532 0.061
1.130 0.148 0.688 -0.113 1.213 -0.141 0.533 0.062
1.150 0.150 0.687 -0.115 1.213 -0.143 0.534 0.063
1.170 0.152 0.687 -0.117 1.213 -0.145 0.535 0.064
1.190 0.154 0.686 -0.119 1.213 -0.147 0.536 0.065
1.210 0.156 0.685 -0.120 1.213 -0.149 0.537 0.065
1.230 0.158 0.684 -0.122 1.213 -0.151 0.538 0.066
1.250 0.161 0.683 -0.124 1.213 -0.153 0.539 0.067
1.270 0.163 0.682 -0.126 1.213 -0.155 0.540 0.068
1.290 0.165 0.682 -0.128 1.213 -0.157 0.541 0.069
1.310 0.167 0.681 -0.130 1.213 -0.158 0.542 0.070
1.330 0.169 0.680 -0.131 1.213 -0.160 0.543 0.071
1.350 0.171 0.679 -0.133 1.213 -0.162 0.544 0.072
1.370 0.172 0.678 -0.135 1.213 -0.163 0.546 0.073
1.390 0.174 0.677 -0.137 1.213 -0.165 0.547 0.074
1.410 0.176 0.676 -0.139 1.213 -0.167 0.548 0.075
1.430 0.178 0.675 -0.140 1.213 -0.168 0.549 0.076
1.450 0.180 0.674 -0.142 1.213 -0.170 0.550 0.076
1.470 0.182 0.673 -0.144 1.213 -0.171 0.552 0.077
1.490 0.183 0.672 -0.145 1.213 -0.173 0.553 0.078
1.510 0.185 0.671 -0.147 1.213 -0.174 0.554 0.079
1.530 0.187 0.670 -0.149 1.213 -0.176 0.555 0.080
1.550 0.189 0.669 -0.151 1.213 -0.177 0.557 0.081
1.570 0.190 0.668 -0.152 1.213 -0.178 0.558 0.081
1.590 0.192 0.667 -0.154 1.213 -0.180 0.559 0.082
1.610 0.194 0.666 -0.156 1.213 -0.181 0.560 0.083
1.630 0.195 0.665 -0.157 1.213 -0.182 0.562 0.084
1.650 0.197 0.664 -0.159 1.213 -0.184 0.563 0.084
1.670 0.198 0.663 -0.160 1.213 -0.185 0.564 0.085
1.690 0.200 0.662 -0.162 1.213 -0.186 0.566 0.086
1.710 0.201 0.661 -0.163 1.213 -0.187 0.567 0.087
1.730 0.203 0.660 -0.165 1.213 -0.188 0.568 0.087
1.750 0.204 0.659 -0.167 1.213 -0.189 0.570 0.088
1.770 0.205 0.657 -0.168 1.213 -0.190 0.571 0.089
1.790 0.207 0.656 -0.170 1.213 -0.191 0.572 0.089
1.810 0.208 0.655 -0.171 1.213 -0.192 0.574 0.090
1.830 0.209 0.654 -0.173 1.213 -0.193 0.575 0.091
1.850 0.211 0.653 -0.174 1.213 -0.194 0.577 0.091
1.870 0.212 0.651 -0.175 1.213 -0.195 0.578 0.092
1.890 0.213 0.650 -0.177 1.213 -0.196 0.579 0.092
1.910 0.214 0.649 -0.178 1.213 -0.196 0.581 0.093
1.930 0.216 0.648 -0.180 1.213 -0.197 0.582 0.094
1.950 0.217 0.646 -0.181 1.213 -0.198 0.584 0.094
1.970 0.218 0.645 -0.182 1.213 -0.199 0.585 0.095
1.990 0.219 0.644 -0.184 1.213 -0.199 0.587 0.095
2.010 0.220 0.643 -0.185 1.213 -0.200 0.588 0.096
2.030 0.221 0.641 -0.186 1.213 -0.200 0.590 0.096
2.050 0.222 0.640 -0.187 1.213 -0.201 0.591 0.096
2.070 0.223 0.639 -0.189 1.213 -0.201 0.593 0.097
2.090 0.224 0.637 -0.190 1.213 -0.202 0.594 0.097
2.110 0.225 0.636 -0.191 1.213 -0.202 0.596 0.098
2.130 0.226 0.635 -0.192 1.213 -0.203 0.597 0.098
2.150 0.227 0.633 -0.193 1.213 -0.203 0.599 0.098
2.170 0.227 0.632 -0.194 1.213 -0.203 0.600 0.099
2.190 0.228 0.631 -0.195 1.213 -0.204 0.602 0.099
2.210 0.229 0.629 -0.196 1.213 -0.204 0.603 0.099
2.230 0.230 0.628 -0.197 1.213 -0.204 0.605 0.100
2.250 0.230 0.626 -0.198 1.213 -0.204 0.606 0.100
2.270 0.231 0.625 -0.199 1.213 -0.204 0.608 0.100
2.290 0.232 0.624 -0.200 1.213 -0.205 0.609 0.100
2.310 0.232 0.622 -0.201 1.213 -0.205 0.611 0.100
2.330 0.233 0.621 -0.202 1.213 -0.205 0.612 0.101
2.350 0.234 0.619 -0.203 1.213 -0.205 0.614 0.101
2.370 0.234 0.618 -0.204 1.213 -0.205 0.615 0.101
2.390 0.235 0.617 -0.205 1.213 -0.205 0.617 0.101
2.410 0.235 0.615 -0.206 1.213 -0.205 0.618 0.101
2.430 0.236 0.614 -0.206 1.213 -0.204 0.620 0.101
2.450 0.236 0.612 -0.207 1.213 -0.204 0.621 0.101
2.470 0.237 0.611 -0.208 1.213 -0.204 0.623 0.101
2.490 0.237 0.609 -0.208 1.213 -0.204 0.624 0.101
2.510 0.237 0.608 -0.209 1.213 -0.204 0.626 0.101
2.530 0.238 0.606 -0.210 1.213 -0.203 0.627 0.101
2.550 0.238 0.605 -0.210 1.213 -0.203 0.629 0.101
2.570 0.238 0.603 -0.211 1.213 -0.203 0.630 0.101
2.590 0.238 0.602 -0.211 1.213 -0.202 0.632 0.101
2.610 0.239 0.600 -0.212 1.213 -0.202 0.633 0.100
2.630 0.239 0.599 -0.212 1.213 -0.202 0.635 0.100
2.650 0.239 0.597 -0.213 1.213 -0.201 0.636 0.100
2.670 0.239 0.596 -0.213 1.213 -0.201 0.638 0.100
2.690 0.239 0.594 -0.213 1.213 -0.200 0.639 0.100
2.710 0.240 0.593 -0.214 1.213 -0.200 0.641 0.099
2.730 0.240 0.591 -0.214 1.213 -0.199 0.642 0.099
2.750 0.240 0.590 -0.214 1.213 -0.198 0.644 0.099
2.770 0.240 0.588 -0.215 1.213 -0.198 0.645 0.098
2.790 0.240 0.587 -0.215 1.213 -0.197 0.647 0.098
2.810 0.240 0.585 -0.215 1.213 -0.196 0.648 0.097
2.830 0.240 0.584 -0.215 1.213 -0.196 0.650 0.097
2.850 0.240 0.582 -0.215 1.213 -0.195 0.651 0.097
2.870 0.240 0.581 -0.215 1.213 -0.194 0.652 0.096
2.890 0.239 0.579 -0.215 1.213 -0.193 0.654 0.096
2.910 0.239 0.578 -0.215 1.213 -0.192 0.655 0.095
2.930 0.239 0.576 -0.215 1.213 -0.192 0.657 0.094
2.950 0.239 0.575 -0.215 1.213 -0.191 0.658 0.094
2.970 0.239 0.573 -0.215 1.213 -0.190 0.660 0.093
2.990 0.239 0.572 -0.215 1.213 -0.189 0.661 0.093
3.010 0.238 0.570 -0.215 1.213 -0.188 0.662 0.092
3.030 0.238 0.569 -0.214 1.213 -0.187 0.664 0.091
3.050 0.238 0.567 -0.214 1.213 -0.186 0.665 0.090
3.070 0.238 0.566 -0.214 1.213 -0.185 0.667 0.090
3.090 0.237 0.564 -0.213 1.213 -0.184 0.668 0.089
3.110 0.237 0.563 -0.213 1.213 -0.183 0.669 0.088
3.130 0.236 0.561 -0.213 1.213 -0.182 0.671 0.087
3.150 0.236 0.560 -0.212 1.213 -0.181 0.672 0.086
3.170 0.236 0.558 -0.212 1.213 -0.179 0.673 0.085
3.190 0.235 0.557 -0.211 1.213 -0.178 0.675 0.084
3.210 0.235 0.555 -0.211 1.213 -0.177 0.676 0.084
3.230 0.234 0.554 -0.210 1.213 -0.176 0.677 0.083
3.250 0.234 0.552 -0.209 1.213 -0.175 0.678 0.082
3.270 0.233 0.551 -0.209 1.213 -0.173 0.680 0.080
3.290 0.233 0.549 -0.208 1.213 -0.172 0.681 0.079
3.310 0.232 0.548 -0.207 1.213 -0.171 0.682 0.078
3.330 0.232 0.546 -0.206 1.213 -0.169 0.683 0.077
3.350 0.231 0.545 -0.206 1.213 -0.168 0.685 0.076
3.370 0.231 0.544 -0.205 1.213 -0.167 0.686 0.075
3.390 0.230 0.542 -0.204 1.213 -0.165 0.687 0.074
3.410 0.229 0.541 -0.203 1.213 -0.164 0.688 0.072
3.430 0.229 0.539 -0.202 1.213 -0.163 0.689 0.071
3.450 0.228 0.538 -0.201 1.213 -0.161 0.691 0.070
3.470 0.228 0.537 -0.200 1.213 -0.160 0.692 0.068
3.490 0.227 0.535 -0.199 1.213 -0.158 0.693 0.067
3.510 0.226 0.534 -0.198 1.213 -0.157 0.694 0.066
3.530 0.225 0.533 -0.197 1.213 -0.155 0.695 0.064
3.550 0.225 0.531 -0.195 1.213 -0.154 0.696 0.063
3.570 0.224 0.530 -0.194 1.213 -0.152 0.697 0.061
3.590 0.223 0.529 -0.193 1.213 -0.151 0.699 0.060
3.610 0.222 0.527 -0.192 1.213 -0.149 0.700 0.058
3.630 0.222 0.526 -0.190 1.213 -0.148 0.701 0.057
3.650 0.221 0.525 -0.189 1.213 -0.146 0.702 0.055
3.670 0.220 0.523 -0.188 1.213 -0.145 0.703 0.054
3.690 0.219 0.522 -0.186 1.213 -0.143 0.704 0.052
3.710 0.218 0.521 -0.185 1.213 -0.142 0.705 0.050
3.730 0.218 0.520 -0.183 1.213 -0.140 0.706 0.049
3.750 0.217 0.518 -0.182 1.213 -0.138 0.707 0.047
3.770 0.216 0.517 -0.180 1.213 -0.137 0.708 0.045
3.790 0.215 0.516 -0.178 1.213 -0.135 0.709 0.043
3.810 0.214 0.515 -0.177 1.213 -0.133 0.710 0.042
3.830 0.213 0.514 -0.175 1.213 -0.132 0.711 0.040
3.850 0.212 0.512 -0.173 1.213 -0.130 0.711 0.038
3.870 0.211 0.511 -0.172 1.213 -0.128 0.712 0.036
3.890 0.211 0.510 -0.170 1.213 -0.127 0.713 0.034
3.910 0.210 0.509 -0.168 1.213 -0.125 0.714 0.032
3.930 0.209 0.508 -0.166 1.213 -0.123 0.715 0.030
3.950 0.208 0.507 -0.164 1.213 -0.121 0.716 0.028
3.970 0.207 0.506 -0.163 1.213 -0.120 0.717 0.026
3.990 0.206 0.505 -0.161 1.213 -0.118 0.718 0.024
4.010 0.205 0.504 -0.159 1.213 -0.116 0.718 0.022
4.030 0.204 0.503 -0.157 1.213 -0.114 0.719 0.020
4.050 0.203 0.502 -0.155 1.213 -0.113 0.720 0.018
4.070 0.202 0.501 -0.153 1.213 -0.111 0.721 0.016
4.090 0.201 0.500 -0.151 1.213 -0.109 0.721 0.014
4.110 0.200 0.499 -0.148 1.213 -0.107 0.722 0.011
4.130 0.199 0.498 -0.146 1.213 -0.105 0.723 0.009
4.150 0.198 0.497 -0.144 1.213 -0.104 0.724 0.007
4.170 0.197 0.496 -0.142 1.213 -0.102 0.724 0.005
4.190 0.196 0.495 -0.140 1.213 -0.100 0.725 0.002
4.210 0.195 0.494 -0.138 1.213 -0.098 0.726 0.000
4.230 0.194 0.493 -0.135 1.213 -0.096 0.726 -0.002
4.250 0.193 0.492 -0.133 1.213 -0.094 0.727 -0.005
4.270 0.191 0.491 -0.131 1.213 -0.093 0.728 -0.007
4.290 0.190 0.491 -0.128 1.213 -0.091 0.728 -0.009
4.310 0.189 0.490 -0.126 1.213 -0.089 0.729 -0.012
4.330 0.188 0.489 -0.124 1.213 -0.087 0.730 -0.014
4.350 0.187 0.488 -0.121 1.213 -0.085 0.730 -0.017
4.370 0.186 0.487 -0.119 1.213 -0.083 0.731 -0.019
4.390 0.185 0.487 -0.116 1.213 -0.081 0.731 -0.022
4.410 0.184 0.486 -0.114 1.213 -0.079 0.732 -0.024
4.430 0.183 0.485 -0.111 1.213 -0.078 0.732 -0.027
4.450 0.182 0.484 -0.109 1.213 -0.076 0.733 -0.029
4.470 0.181 0.484 -0.106 1.213 -0.074 0.733 -0.032
4.490 0.180 0.483 -0.104 1.213 -0.072 0.734 -0.034
4.510 0.178 0.482 -0.101 1.213 -0.070 0.734 -0.037
4.530 0.177 0.482 -0.099 1.213 -0.068 0.735 -0.039
4.550 0.176 0.481 -0.096 1.213 -0.066 0.735 -0.042
4.570 0.175 0.481 -0.093 1.213 -0.064 0.736 -0.045
4.590 0.174 0.480 -0.091 1.213 -0.062 0.736 -0.047
4.610 0.173 0.479 -0.088 1.213 -0.060 0.736 -0.050
4.630 0.172 0.479 -0.085 1.213 -0.058 0.737 -0.053
4.650 0.171 0.478 -0.083 1.213 -0.057 0.737 -0.055
4.670 0.170 0.478 -0.080 1.213 -0.055 0.738 -0.058
4.690 0.168 0.477 -0.077 1.213 -0.053 0.738 -0.061
4.710 0.167 0.477 -0.074 1.213 -0.051 0.738 -0.064
4.730 0.166 0.476 -0.072 1.213 -0.049 0.739 -0.066
4.750 0.165 0.476 -0.069 1.213 -0.047 0.739 -0.069
4.770 0.164 0.476 -0.066 1.213 -0.045 0.739 -0.072
4.790 0.163 0.475 -0.063 1.213 -0.043 0.740 -0.075
4.810 0.162 0.475 -0.061 1.213 -0.041 0.740 -0.077
4.830 0.160 0.474 -0.058 1.213 -0.039 0.740 -0.080
4.850 0.159 0.474 -0.055 1.213 -0.037 0.740 -0.083
4.870 0.158 0.474 -0.052 1.213 -0.035 0.741 -0.086
4.890 0.157 0.473 -0.049 1.213 -0.033 0.741 -0.089
4.910 0.156 0.473 -0.046 1.213 -0.031 0.741 -0.092
4.930 0.155 0.473 -0.043 1.213 -0.029 0.741 -0.094
4.950 0.154 0.473 -0.041 1.213 -0.027 0.741 -0.097
4.970 0.152 0.472 -0.038 1.213 -0.025 0.742 -0.100
4.990 0.151 0.472 -0.035 1.213 -0.023 0.742 -0.103
5.010 0.150 0.472 -0.032 1.213 -0.021 0.742 -0.106
5.030 0.149 0.472 -0.029 1.213 -0.020 0.742 -0.109
5.050 0.148 0.471 -0.026 1.213 -0.018 0.742 -0.112
5.070 0.147 0.471 -0.023 1.213 -0.016 0.742 -0.115
5.090 0.146 0.471 -0.020 1.213 -0.014 0.742 -0.117
5.110 0.144 0.471 -0.017 1.213 -0.012 0.742 -0.120
5.130 0.143 0.471 -0.014 1.213 -0.010 0.742 -0.123
5.150 0.142 0.471 -0.012 1.213 -0.008 0.743 -0.126
5.170 0.141 0.471 -0.009 1.213 -0.006 0.743 -0.129
5.190 0.140 0.471 -0.006 1.213 -0.004 0.743 -0.132
5.210 0.139 0.471 -0.003 1.213 -0.002 0.743 -0.135
5.230 0.138 0.471 0.000 1.213 0.000 0.743 -0.138
5.250 0.136 0.471 0.003 1.213 0.002 0.743 -0.141
5.270 0.135 0.471 0.006 1.213 0.004 0.743 -0.144
5.290 0.134 0.471 0.009 1.213 0.006 0.743 -0.147
5.310 0.133 0.471 0.012 1.213 0.008 0.743 -0.149
5.330 0.132 0.471 0.015 1.213 0.010 0.742 -0.152
5.350 0.131 0.471 0.018 1.213 0.012 0.742 -0.155
5.370 0.130 0.471 0.021 1.213 0.014 0.742 -0.158
5.390 0.128 0.471 0.024 1.213 0.016 0.742 -0.161
5.410 0.127 0.471 0.026 1.213 0.018 0.742 -0.164
5.430 0.126 0.472 0.029 1.213 0.020 0.742 -0.167
5.450 0.125 0.472 0.032 1.213 0.022 0.742 -0.170
5.470 0.124 0.472 0.035 1.213 0.024 0.742 -0.173
5.490 0.123 0.472 0.038 1.213 0.026 0.742 -0.175
5.510 0.122 0.473 0.041 1.213 0.028 0.741 -0.178
5.530 0.120 0.473 0.044 1.213 0.029 0.741 -0.181
5.550 0.119 0.473 0.047 1.213 0.031 0.741 -0.184
5.570 0.118 0.473 0.049 1.213 0.033 0.741 -0.187
5.590 0.117 0.474 0.052 1.213 0.035 0.741 -0.190
5.610 0.116 0.474 0.055 1.213 0.037 0.740 -0.193
5.630 0.115 0.474 0.058 1.213 0.039 0.740 -0.195
5.650 0.114 0.475 0.061 1.213 0.041 0.740 -0.198
5.670 0.113 0.475 0.064 1.213 0.043 0.739 -0.201
5.690 0.111 0.476 0.066 1.213 0.045 0.739 -0.204
5.710 0.110 0.476 0.069 1.213 0.047 0.739 -0.207
5.730 0.109 0.476 0.072 1.213 0.049 0.739 -0.209
5.750 0.108 0.477 0.075 1.213 0.051 0.738 -0.212
5.770 0.107 0.477 0.077 1.213 0.053 0.738 -0.215
5.790 0.106 0.478 0.080 1.213 0.055 0.738 -0.218
5.810 0.105 0.478 0.083 1.213 0.057 0.737 -0.220
5.830 0.104 0.479 0.086 1.213 0.059 0.737 -0.223
5.850 0.103 0.479 0.088 1.213 0.061 0.736 -0.226
5.870 0.101 0.480 0.091 1.213 0.062 0.736 -0.228
5.890 0.100 0.481 0.093 1.213 0.064 0.736 -0.231
5.910 0.099 0.481 0.096 1.213 0.066 0.735 -0.234
5.930 0.098 0.482 0.099 1.213 0.068 0.735 -0.236
5.950 0.097 0.482 0.101 1.213 0.070 0.734 -0.239
5.970 0.096 0.483 0.104 1.213 0.072 0.734 -0.242
5.990 0.095 0.484 0.106 1.213 0.074 0.733 -0.244
6.010 0.094 0.484 0.109 1.213 0.076 0.733 -0.247
6.030 0.093 0.485 0.111 1.213 0.078 0.732 -0.249
6.050 0.092 0.486 0.114 1.213 0.080 0.732 -0.252
6.070 0.091 0.487 0.116 1.213 0.081 0.731 -0.254
6.090 0.090 0.487 0.119 1.213 0.083 0.731 -0.257
6.110 0.088 0.488 0.121 1.213 0.085 0.730 -0.259
6.130 0.087 0.489 0.124 1.213 0.087 0.729 -0.262
6.150 0.086 0.490 0.126 1.213 0.089 0.729 -0.264
6.170 0.085 0.491 0.128 1.213 0.091 0.728 -0.267
6.190 0.084 0.491 0.131 1.213 0.093 0.728 -0.269
6.210 0.083 0.492 0.133 1.213 0.095 0.727 -0.271
6.230 0.082 0.493 0.135 1.213 0.096 0.726 -0.274
6.250 0.081 0.494 0.138 1.213 0.098 0.726 -0.276
6.270 0.080 0.495 0.140 1.213 0.100 0.725 -0.278
6.290 0.079 0.496 0.142 1.213 0.102 0.724 -0.281
6.310 0.078 0.497 0.144 1.213 0.104 0.724 -0.283
6.330 0.077 0.498 0.146 1.213 0.105 0.723 -0.285
6.350 0.076 0.499 0.149 1.213 0.107 0.722 -0.287
6.370 0.075 0.500 0.151 1.213 0.109 0.721 -0.290
6.390 0.074 0.501 0.153 1.213 0.111 0.721 -0.292
6.410 0.073 0.502 0.155 1.213 0.113 0.720 -0.294
6.430 0.072 0.503 0.157 1.213 0.114 0.719 -0.296
6.450 0.071 0.504 0.159 1.213 0.116 0.718 -0.298
6.470 0.070 0.505 0.161 1.213 0.118 0.718 -0.300
6.490 0.069 0.506 0.163 1.213 0.120 0.717 -0.302
6.510 0.068 0.507 0.164 1.213 0.121 0.716 -0.304
6.530 0.067 0.508 0.166 1.213 0.123 0.715 -0.306
6.550 0.067 0.509 0.168 1.213 0.125 0.714 -0.308
6.570 0.066 0.510 0.170 1.213 0.127 0.713 -0.310
6.590 0.065 0.511 0.172 1.213 0.128 0.712 -0.312
6.610 0.064 0.513 0.173 1.213 0.130 0.711 -0.314
6.630 0.063 0.514 0.175 1.213 0.132 0.711 -0.316
6.650 0.062 0.515 0.177 1.213 0.133 0.710 -0.318
6.670 0.061 0.516 0.178 1.213 0.135 0.709 -0.320
6.690 0.060 0.517 0.180 1.213 0.137 0.708 -0.321
6.710 0.059 0.518 0.182 1.213 0.138 0.707 -0.323
6.730 0.059 0.520 0.183 1.213 0.140 0.706 -0.325
6.750 0.058 0.521 0.185 1.213 0.142 0.705 -0.327
6.770 0.057 0.522 0.186 1.213 0.143 0.704 -0.328
6.790 0.056 0.523 0.188 1.213 0.145 0.703 -0.330
6.810 0.055 0.525 0.189 1.213 0.146 0.702 -0.332
6.830 0.055 0.526 0.190 1.213 0.148 0.701 -0.333
6.850 0.054 0.527 0.192 1.213 0.149 0.700 -0.335
6.870 0.053 0.529 0.193 1.213 0.151 0.699 -0.336
6.890 0.052 0.530 0.194 1.213 0.152 0.697 -0.338
6.910 0.052 0.531 0.195 1.213 0.154 0.696 -0.339
6.930 0.051 0.533 0.197 1.213 0.155 0.695 -0.341
6.950 0.050 0.534 0.198 1.213 0.157 0.694 -0.342
6.970 0.050 0.535 0.199 1.213 0.158 0.693 -0.344
6.990 0.049 0.537 0.200 1.213 0.160 0.692 -0.345
7.010 0.048 0.538 0.201 1.213 0.161 0.691 -0.346
7.030 0.048 0.539 0.202 1.213 0.163 0.689 -0.348
7.050 0.047 0.541 0.203 1.213 0.164 0.688 -0.349
7.070 0.046 0.542 0.204 1.213 0.165 0.687 -0.350
7.090 0.046 0.544 0.205 1.213 0.167 0.686 -0.351
7.110 0.045 0.545 0.206 1.213 0.168 0.685 -0.353
7.130 0.045 0.546 0.206 1.213 0.169 0.683 -0.354
7.150 0.044 0.548 0.207 1.213 0.171 0.682 -0.355
7.170 0.044 0.549 0.208 1.213 0.172 0.681 -0.356
7.190 0.043 0.551 0.209 1.213 0.173 0.680 -0.357
7.210 0.043 0.552 0.209 1.213 0.175 0.678 -0.358
7.230 0.042 0.554 0.210 1.213 0.176 0.677 -0.359
7.250 0.042 0.555 0.211 1.213 0.177 0.676 -0.360
7.270 0.041 0.557 0.211 1.213 0.178 0.675 -0.361
7.290 0.041 0.558 0.212 1.213 0.179 0.673 -0.362
7.310 0.041 0.560 0.212 1.213 0.181 0.672 -0.363
7.330 0.040 0.561 0.213 1.213 0.182 0.671 -0.364
7.350 0.040 0.563 0.213 1.213 0.183 0.669 -0.365
7.370 0.040 0.564 0.213 1.213 0.184 0.668 -0.366
7.390 0.039 0.565 0.214 1.213 0.185 0.667 -0.366
7.410 0.039 0.567 0.214 1.213 0.186 0.665 -0.367
7.430 0.039 0.568 0.214 1.213 0.187 0.664 -0.368
7.450 0.038 0.570 0.215 1.213 0.188 0.662 -0.369
7.470 0.038 0.571 0.215 1.213 0.189 0.661 -0.369
7.490 0.038 0.573 0.215 1.213 0.190 0.660 -0.370
7.510 0.038 0.575 0.215 1.213 0.191 0.658 -0.371
7.530 0.038 0.576 0.215 1.213 0.192 0.657 -0.371
7.550 0.037 0.578 0.215 1.213 0.192 0.655 -0.372
7.570 0.037 0.579 0.215 1.213 0.193 0.654 -0.372
7.590 0.037 0.581 0.215 1.213 0.194 0.653 -0.373
7.610 0.037 0.582 0.215 1.213 0.195 0.651 -0.373
7.630 0.037 0.584 0.215 1.213 0.196 0.650 -0.374
7.650 0.037 0.585 0.215 1.213 0.196 0.648 -0.374
7.670 0.037 0.587 0.215 1.213 0.197 0.647 -0.375
7.690 0.037 0.588 0.215 1.213 0.198 0.645 -0.375
7.710 0.037 0.590 0.214 1.213 0.198 0.644 -0.375
7.730 0.037 0.591 0.214 1.213 0.199 0.642 -0.376
7.750 0.037 0.593 0.214 1.213 0.200 0.641 -0.376
7.770 0.037 0.594 0.213 1.213 0.200 0.639 -0.376
7.790 0.037 0.596 0.213 1.213 0.201 0.638 -0.377
7.810 0.038 0.597 0.213 1.213 0.201 0.636 -0.377
7.830 0.038 0.599 0.212 1.213 0.202 0.635 -0.377
7.850 0.038 0.600 0.212 1.213 0.202 0.633 -0.377
7.870 0.038 0.602 0.211 1.213 0.202 0.632 -0.377
7.890 0.039 0.603 0.211 1.213 0.203 0.630 -0.378
7.910 0.039 0.605 0.210 1.213 0.203 0.629 -0.378
7.930 0.039 0.606 0.210 1.213 0.203 0.627 -0.378
7.950 0.039 0.608 0.209 1.213 0.204 0.626 -0.378
7.970 0.040 0.609 0.208 1.213 0.204 0.624 -0.378
7.990 0.040 0.611 0.208 1.213 0.204 0.623 -0.378
8.010 0.041 0.612 0.207 1.213 0.204 0.621 -0.378
8.030 0.041 0.614 0.206 1.213 0.204 0.620 -0.378
8.050 0.042 0.615 0.206 1.213 0.205 0.618 -0.378
8.070 0.042 0.616 0.205 1.213 0.205 0.617 -0.378
8.090 0.043 0.618 0.204 1.213 0.205 0.615 -0.378
8.110 0.043 0.619 0.203 1.213 0.205 0.614 -0.377
8.130 0.044 0.621 0.202 1.213 0.205 0.612 -0.377
8.150 0.044 0.622 0.201 1.213 0.205 0.611 -0.377
8.170 0.045 0.624 0.200 1.213 0.205 0.609 -0.377
8.190 0.046 0.625 0.199 1.213 0.204 0.608 -0.377
8.210 0.046 0.626 0.198 1.213 0.204 0.606 -0.376
8.230 0.047 0.628 0.197 1.213 0.204 0.605 -0.376
8.250 0.048 0.629 0.196 1.213 0.204 0.603 -0.376
8.270 0.048 0.631 0.195 1.213 0.204 0.602 -0.376
8.290 0.049 0.632 0.194 1.213 0.203 0.600 -0.375
8.310 0.050 0.633 0.193 1.213 0.203 0.599 -0.375
8.330 0.051 0.635 0.192 1.213 0.203 0.597 -0.375
8.350 0.052 0.636 0.191 1.213 0.202 0.596 -0.374
8.370 0.053 0.637 0.190 1.213 0.202 0.594 -0.374
8.390 0.054 0.639 0.189 1.213 0.201 0.593 -0.373
8.410 0.055 0.640 0.187 1.213 0.201 0.591 -0.373
8.430 0.056 0.641 0.186 1.213 0.200 0.590 -0.373
8.450 0.057 0.643 0.185 1.213 0.200 0.588 -0.372
8.470 0.058 0.644 0.184 1.213 0.199 0.587 -0.372
8.490 0.059 0.645 0.182 1.213 0.199 0.585 -0.371
8.510 0.060 0.646 0.181 1.213 0.198 0.584 -0.371
8.530 0.061 0.648 0.180 1.213 0.197 0.582 -0.370
8.550 0.062 0.649 0.178 1.213 0.196 0.581 -0.370
8.570 0.063 0.650 0.177 1.213 0.196 0.580 -0.369
8.590 0.065 0.651 0.175 1.213 0.195 0.578 -0.368
8.610 0.066 0.653 0.174 1.213 0.194 0.577 -0.368
8.630 0.067 0.654 0.173 1.213 0.193 0.575 -0.367
8.650 0.068 0.655 0.171 1.213 0.192 0.574 -0.366
8.670 0.070 0.656 0.170 1.213 0.191 0.572 -0.366
8.690 0.071 0.657 0.168 1.213 0.190 0.571 -0.365
8.710 0.072 0.659 0.167 1.213 0.189 0.570 -0.364
8.730 0.074 0.660 0.165 1.213 0.188 0.568 -0.364
8.750 0.075 0.661 0.163 1.213 0.187 0.567 -0.363
8.770 0.077 0.662 0.162 1.213 0.186 0.566 -0.362
8.790 0.078 0.663 0.160 1.213 0.185 0.564 -0.362
8.810 0.080 0.664 0.159 1.213 0.184 0.563 -0.361
8.830 0.081 0.665 0.157 1.213 0.182 0.562 -0.360
8.850 0.083 0.666 0.156 1.213 0.181 0.560 -0.359
8.870 0.084 0.667 0.154 1.213 0.180 0.559 -0.359
8.890 0.086 0.668 0.152 1.213 0.178 0.558 -0.358
8.910 0.088 0.669 0.151 1.213 0.177 0.557 -0.357
8.930 0.089 0.670 0.149 1.213 0.176 0.555 -0.356
8.950 0.091 0.671 0.147 1.213 0.174 0.554 -0.355
8.970 0.093 0.672 0.145 1.213 0.173 0.553 -0.354
8.990 0.095 0.673 0.144 1.213 0.171 0.552 -0.354
9.010 0.096 0.674 0.142 1.213 0.170 0.550 -0.353
9.030 0.098 0.675 0.140 1.213 0.168 0.549 -0.352
9.050 0.100 0.676 0.138 1.213 0.167 0.548 -0.351
9.070 0.102 0.677 0.137 1.213 0.165 0.547 -0.350
9.090 0.104 0.678 0.135 1.213 0.163 0.546 -0.349
9.110 0.106 0.679 0.133 1.213 0.162 0.544 -0.348
9.130 0.108 0.680 0.131 1.213 0.160 0.543 -0.347
9.150 0.110 0.681 0.130 1.213 0.158 0.542 -0.346
9.170 0.112 0.682 0.128 1.213 0.156 0.541 -0.345
9.190 0.114 0.682 0.126 1.213 0.155 0.540 -0.344
9.210 0.116 0.683 0.124 1.213 0.153 0.539 -0.343
9.230 0.118 0.684 0.122 1.213 0.151 0.538 -0.342
9.250 0.120 0.685 0.120 1.213 0.149 0.537 -0.341
9.270 0.122 0.686 0.118 1.213 0.147 0.536 -0.340
9.290 0.124 0.687 0.117 1.213 0.145 0.535 -0.339
9.310 0.126 0.687 0.115 1.213 0.143 0.534 -0.338
9.330 0.128 0.688 0.113 1.213 0.141 0.533 -0.337
9.350 0.130 0.689 0.111 1.213 0.139 0.532 -0.336
9.370 0.133 0.690 0.109 1.213 0.137 0.531 -0.335
9.390 0.135 0.690 0.107 1.213 0.135 0.530 -0.334
9.410 0.137 0.691 0.105 1.213 0.133 0.529 -0.333
9.430 0.139 0.692 0.103 1.213 0.131 0.528 -0.332
9.450 0.142 0.692 0.101 1.213 0.129 0.527 -0.331
9.470 0.144 0.693 0.099 1.213 0.127 0.526 -0.330
9.490 0.146 0.694 0.097 1.213 0.124 0.525 -0.329
9.510 0.149 0.694 0.095 1.213 0.122 0.525 -0.328
9.530 0.151 0.695 0.094 1.213 0.120 0.524 -0.327
9.550 0.154 0.695 0.092 1.213 0.118 0.523 -0.326
9.570 0.156 0.696 0.090 1.213 0.115 0.522 -0.325
9.590 0.158 0.697 0.088 1.213 0.113 0.521 -0.324
9.610 0.161 0.697 0.086 1.213 0.111 0.521 -0.323
9.630 0.163 0.698 0.084 1.213 0.108 0.520 -0.322
9.650 0.166 0.698 0.082 1.213 0.106 0.519 -0.321
9.670 0.168 0.699 0.080 1.213 0.104 0.518 -0.319
9.690 0.171 0.699 0.078 1.213 0.101 0.518 -0.318
9.710 0.173 0.700 0.076 1.213 0.099 0.517 -0.317
9.730 0.176 0.700 0.074 1.213 0.096 0.516 -0.316
9.750 0.179 0.701 0.072 1.213 0.094 0.516 -0.315
9.770 0.181 0.701 0.070 1.213 0.091 0.515 -0.314
9.790 0.184 0.702 0.068 1.213 0.089 0.515 -0.313
9.810 0.186 0.702 0.066 1.213 0.086 0.514 -0.312
9.830 0.189 0.702 0.064 1.213 0.084 0.513 -0.311
9.850 0.192 0.703 0.062 1.213 0.081 0.513 -0.309
9.870 0.194 0.703 0.060 1.213 0.079 0.512 -0.308
9.890 0.197 0.704 0.057 1.213 0.076 0.512 -0.307
9.910 0.200 0.704 0.055 1.213 0.073 0.511 -0.306
9.930 0.203 0.704 0.053 1.213 0.070 0.511 -0.305
9.950 0.207 0.705 0.050 1.213 0.067 0.510 -0.303
9.970 0.210 0.705 0.048 1.213 0.064 0.510 -0.302
9.990 0.212 0.706 0.046 1.213 0.061 0.509 -0.301
10.010 0.213 0.706 0.045 1.213 0.060 0.509 -0.300
10.020 0.213 0.706 0.045 1.213 0.060 0.509 -0.300
