-0.000 0.766 -0.000 1.445 0.000 0.679 0.000
-0.000 0.766 -0.000 1.445 0.000 0.679 0.000
0.000 0.766 -0.000 1.445 -0.000 0.679 0.000
0.001 0.766 -0.001 1.445 -0.002 0.679 0.001
0.003 0.766 -0.003 1.445 -0.003 0.679 0.002
0.004 0.766 -0.004 1.445 -0.005 0.679 0.003
0.005 0.766 -0.006 1.445 -0.006 0.679 0.004
0.007 0.766 -0.007 1.445 -0.008 0.679 0.004
0.008 0.766 -0.008 1.445 -0.009 0.679 0.005
0.009 0.766 -0.009 1.445 -0.010 0.679 0.006
0.010 0.766 -0.010 1.445 -0.011 0.679 0.007
0.011 0.766 -0.012 1.445 -0.013 0.679 0.007
0.012 0.765 -0.013 1.445 -0.014 0.680 0.008
0.013 0.765 -0.014 1.445 -0.015 0.680 0.009
0.014 0.765 -0.015 1.445 -0.017 0.680 0.009
0.015 0.765 -0.016 1.445 -0.018 0.680 0.010
0.016 0.765 -0.017 1.445 -0.019 0.680 0.011
0.017 0.765 -0.018 1.445 -0.020 0.680 0.012
0.019 0.765 -0.020 1.445 -0.022 0.680 0.012
0.020 0.765 -0.021 1.445 -0.023 0.681 0.013
0.021 0.764 -0.022 1.445 -0.024 0.681 0.014
0.022 0.764 -0.023 1.445 -0.025 0.681 0.014
0.023 0.764 -0.024 1.445 -0.026 0.681 0.015
0.024 0.764 -0.025 1.445 -0.028 0.681 0.016
0.025 0.764 -0.026 1.445 -0.029 0.682 0.016
0.026 0.763 -0.027 1.445 -0.030 0.682 0.017
0.027 0.763 -0.029 1.445 -0.031 0.682 0.018
0.028 0.763 -0.030 1.445 -0.032 0.682 0.019
0.029 0.763 -0.031 1.445 -0.034 0.683 0.019
0.030 0.762 -0.032 1.445 -0.035 0.683 0.020
0.031 0.762 -0.033 1.445 -0.036 0.683 0.021
0.032 0.762 -0.034 1.445 -0.037 0.684 0.021
0.033 0.762 -0.035 1.445 -0.038 0.684 0.022
0.034 0.761 -0.036 1.445 -0.040 0.684 0.023
0.035 0.761 -0.037 1.445 -0.041 0.685 0.023
0.036 0.761 -0.038 1.445 -0.042 0.685 0.024
0.037 0.760 -0.040 1.445 -0.043 0.685 0.025
0.038 0.760 -0.041 1.445 -0.044 0.686 0.025
0.039 0.760 -0.042 1.445 -0.045 0.686 0.026
0.040 0.759 -0.043 1.445 -0.046 0.686 0.027
0.041 0.759 -0.044 1.445 -0.048 0.687 0.027
0.042 0.759 -0.045 1.445 -0.049 0.687 0.028
0.043 0.758 -0.046 1.445 -0.050 0.688 0.029
0.044 0.758 -0.047 1.445 -0.051 0.688 0.029
0.045 0.758 -0.048 1.445 -0.052 0.688 0.030
0.046 0.757 -0.049 1.445 -0.053 0.689 0.031
0.047 0.757 -0.050 1.445 -0.054 0.689 0.031
0.048 0.756 -0.051 1.445 -0.055 0.690 0.032
0.049 0.756 -0.052 1.445 -0.056 0.690 0.032
0.050 0.756 -0.053 1.445 -0.057 0.691 0.033
0.051 0.755 -0.054 1.445 -0.058 0.691 0.034
0.051 0.755 -0.055 1.445 -0.059 0.692 0.034
0.052 0.754 -0.056 1.445 -0.060 0.692 0.035
0.053 0.754 -0.057 1.445 -0.061 0.693 0.035
0.054 0.753 -0.058 1.445 -0.062 0.693 0.036
0.055 0.753 -0.059 1.445 -0.063 0.694 0.037
0.056 0.752 -0.060 1.445 -0.064 0.694 0.037
0.057 0.752 -0.061 1.445 -0.065 0.695 0.038
0.057 0.751 -0.062 1.445 -0.066 0.695 0.038
0.058 0.751 -0.063 1.445 -0.067 0.696 0.039
0.059 0.750 -0.064 1.445 -0.068 0.697 0.039
0.060 0.750 -0.065 1.445 -0.069 0.697 0.040
0.061 0.749 -0.065 1.445 -0.069 0.698 0.040
0.061 0.749 -0.066 1.445 -0.070 0.698 0.041
0.062 0.748 -0.067 1.445 -0.071 0.699 0.042
0.063 0.748 -0.068 1.445 -0.072 0.699 0.042
0.064 0.747 -0.069 1.445 -0.073 0.700 0.043
0.064 0.747 -0.070 1.445 -0.074 0.701 0.043
0.065 0.746 -0.071 1.445 -0.074 0.701 0.044
0.066 0.746 -0.072 1.445 -0.075 0.702 0.044
0.067 0.745 -0.072 1.445 -0.076 0.703 0.045
0.067 0.744 -0.073 1.445 -0.077 0.703 0.045
0.068 0.744 -0.074 1.445 -0.077 0.704 0.046
0.069 0.743 -0.075 1.445 -0.078 0.705 0.046
0.069 0.743 -0.076 1.445 -0.079 0.705 0.047
0.070 0.742 -0.076 1.445 -0.080 0.706 0.047
0.071 0.741 -0.077 1.445 -0.080 0.707 0.047
0.071 0.741 -0.078 1.445 -0.081 0.707 0.048
0.072 0.740 -0.079 1.445 -0.082 0.708 0.048
0.073 0.739 -0.080 1.445 -0.082 0.709 0.049
0.073 0.739 -0.080 1.445 -0.083 0.709 0.049
0.074 0.738 -0.081 1.445 -0.084 0.710 0.050
0.074 0.738 -0.082 1.445 -0.084 0.711 0.050
0.075 0.737 -0.082 1.445 -0.085 0.711 0.050
0.076 0.736 -0.083 1.445 -0.085 0.712 0.051
0.076 0.736 -0.084 1.445 -0.086 0.713 0.051
0.077 0.735 -0.084 1.445 -0.087 0.714 0.051
0.077 0.734 -0.085 1.445 -0.087 0.714 0.052
0.078 0.733 -0.086 1.445 -0.088 0.715 0.052
0.078 0.733 -0.086 1.445 -0.088 0.716 0.053
0.079 0.732 -0.087 1.445 -0.089 0.717 0.053
0.079 0.731 -0.088 1.445 -0.089 0.717 0.053
0.080 0.731 -0.088 1.445 -0.089 0.718 0.053
0.080 0.730 -0.089 1.445 -0.090 0.719 0.054
0.081 0.729 -0.089 1.445 -0.090 0.720 0.054
0.081 0.728 -0.090 1.445 -0.091 0.720 0.054
0.082 0.728 -0.091 1.445 -0.091 0.721 0.055
0.082 0.727 -0.091 1.445 -0.092 0.722 0.055
0.082 0.726 -0.092 1.445 -0.092 0.723 0.055
0.083 0.726 -0.092 1.445 -0.092 0.724 0.055
0.083 0.725 -0.093 1.445 -0.093 0.724 0.056
0.084 0.724 -0.093 1.445 -0.093 0.725 0.056
0.084 0.723 -0.094 1.445 -0.093 0.726 0.056
0.084 0.723 -0.094 1.445 -0.094 0.727 0.056
0.085 0.722 -0.094 1.445 -0.094 0.728 0.057
0.085 0.721 -0.095 1.445 -0.094 0.728 0.057
0.085 0.720 -0.095 1.445 -0.094 0.729 0.057
0.086 0.719 -0.096 1.445 -0.095 0.730 0.057
0.086 0.719 -0.096 1.445 -0.095 0.731 0.057
0.086 0.718 -0.096 1.445 -0.095 0.732 0.057
0.086 0.717 -0.097 1.445 -0.095 0.732 0.058
0.087 0.716 -0.097 1.445 -0.095 0.733 0.058
0.087 0.716 -0.097 1.445 -0.095 0.734 0.058
0.087 0.715 -0.098 1.445 -0.096 0.735 0.058
0.087 0.714 -0.098 1.445 -0.096 0.736 0.058
0.087 0.713 -0.098 1.445 -0.096 0.736 0.058
0.088 0.712 -0.099 1.445 -0.096 0.737 0.058
0.088 0.712 -0.099 1.445 -0.096 0.738 0.058
0.088 0.711 -0.099 1.445 -0.096 0.739 0.058
0.088 0.710 -0.099 1.445 -0.096 0.740 0.058
0.088 0.709 -0.100 1.445 -0.096 0.741 0.058
0.088 0.708 -0.100 1.445 -0.096 0.741 0.058
0.089 0.707 -0.100 1.445 -0.096 0.742 0.058
0.089 0.707 -0.100 1.445 -0.096 0.743 0.058
0.089 0.706 -0.100 1.445 -0.096 0.744 0.058
0.089 0.705 -0.100 1.445 -0.096 0.745 0.058
0.089 0.704 -0.101 1.445 -0.096 0.745 0.058
0.089 0.703 -0.101 1.445 -0.096 0.746 0.058
0.089 0.703 -0.101 1.445 -0.096 0.747 0.058
0.089 0.702 -0.101 1.445 -0.096 0.748 0.058
0.089 0.701 -0.101 1.445 -0.096 0.749 0.058
0.089 0.700 -0.101 1.445 -0.095 0.750 0.058
0.089 0.699 -0.101 1.445 -0.095 0.750 0.058
0.089 0.699 -0.101 1.445 -0.095 0.751 0.058
0.089 0.698 -0.101 1.445 -0.095 0.752 0.058
0.089 0.697 -0.101 1.445 -0.095 0.753 0.058
0.089 0.696 -0.101 1.445 -0.095 0.754 0.057
0.089 0.695 -0.101 1.445 -0.094 0.754 0.057
0.089 0.694 -0.101 1.445 -0.094 0.755 0.057
0.089 0.694 -0.101 1.445 -0.094 0.756 0.057
0.089 0.693 -0.101 1.445 -0.094 0.757 0.057
0.089 0.692 -0.100 1.445 -0.093 0.758 0.057
0.089 0.691 -0.100 1.445 -0.093 0.758 0.056
0.089 0.690 -0.100 1.445 -0.093 0.759 0.056
0.088 0.690 -0.100 1.445 -0.092 0.760 0.056
0.088 0.689 -0.100 1.445 -0.092 0.761 0.056
0.088 0.688 -0.100 1.445 -0.092 0.762 0.055
0.088 0.687 -0.099 1.445 -0.091 0.762 0.055
0.088 0.686 -0.099 1.445 -0.091 0.763 0.055
0.088 0.686 -0.099 1.445 -0.091 0.764 0.054
0.087 0.685 -0.099 1.445 -0.090 0.765 0.054
0.087 0.684 -0.098 1.445 -0.090 0.765 0.054
0.087 0.683 -0.098 1.445 -0.089 0.766 0.054
0.087 0.682 -0.098 1.445 -0.089 0.767 0.053
0.087 0.682 -0.097 1.445 -0.088 0.768 0.053
0.086 0.681 -0.097 1.445 -0.088 0.768 0.052
0.086 0.680 -0.097 1.445 -0.087 0.769 0.052
0.086 0.679 -0.096 1.445 -0.087 0.770 0.052
0.086 0.678 -0.096 1.445 -0.086 0.771 0.051
0.085 0.678 -0.096 1.445 -0.086 0.771 0.051
0.085 0.677 -0.095 1.445 -0.085 0.772 0.050
0.085 0.676 -0.095 1.445 -0.085 0.773 0.050
0.084 0.675 -0.094 1.445 -0.084 0.773 0.050
0.084 0.675 -0.094 1.445 -0.084 0.774 0.049
0.084 0.674 -0.093 1.445 -0.083 0.775 0.049
0.083 0.673 -0.093 1.445 -0.083 0.776 0.048
0.083 0.672 -0.092 1.445 -0.082 0.776 0.048
0.083 0.672 -0.092 1.445 -0.081 0.777 0.047
0.082 0.671 -0.091 1.445 -0.081 0.778 0.047
0.082 0.670 -0.091 1.445 -0.080 0.778 0.046
0.082 0.669 -0.090 1.445 -0.079 0.779 0.045
0.081 0.669 -0.089 1.445 -0.079 0.780 0.045
0.081 0.668 -0.089 1.445 -0.078 0.780 0.044
0.081 0.667 -0.088 1.445 -0.077 0.781 0.044
0.080 0.667 -0.087 1.445 -0.077 0.782 0.043
0.080 0.666 -0.087 1.445 -0.076 0.782 0.043
0.079 0.665 -0.086 1.445 -0.075 0.783 0.042
0.079 0.664 -0.085 1.445 -0.075 0.784 0.041
0.078 0.664 -0.085 1.445 -0.074 0.784 0.041
0.078 0.663 -0.084 1.445 -0.073 0.785 0.040
0.077 0.662 -0.083 1.445 -0.072 0.785 0.039
0.077 0.662 -0.082 1.445 -0.072 0.786 0.039
0.077 0.661 -0.082 1.445 -0.071 0.787 0.038
0.076 0.660 -0.081 1.445 -0.070 0.787 0.037
0.076 0.660 -0.080 1.445 -0.069 0.788 0.037
0.075 0.659 -0.079 1.445 -0.068 0.788 0.036
0.075 0.659 -0.078 1.445 -0.068 0.789 0.035
0.074 0.658 -0.078 1.445 -0.067 0.790 0.035
0.074 0.657 -0.077 1.445 -0.066 0.790 0.034
0.073 0.657 -0.076 1.445 -0.065 0.791 0.033
0.073 0.656 -0.075 1.445 -0.064 0.791 0.032
0.072 0.655 -0.074 1.445 -0.064 0.792 0.031
0.071 0.655 -0.073 1.445 -0.063 0.792 0.031
0.071 0.654 -0.072 1.445 -0.062 0.793 0.030
0.070 0.654 -0.071 1.445 -0.061 0.793 0.029
0.070 0.653 -0.070 1.445 -0.060 0.794 0.028
0.069 0.653 -0.070 1.445 -0.059 0.794 0.027
0.069 0.652 -0.069 1.445 -0.058 0.795 0.027
0.068 0.651 -0.068 1.445 -0.057 0.795 0.026
0.068 0.651 -0.067 1.445 -0.056 0.796 0.025
0.067 0.650 -0.066 1.445 -0.056 0.796 0.024
0.066 0.650 -0.065 1.445 -0.055 0.797 0.023
0.066 0.649 -0.064 1.445 -0.054 0.797 0.022
0.065 0.649 -0.063 1.445 -0.053 0.798 0.022
0.065 0.648 -0.061 1.445 -0.052 0.798 0.021
0.064 0.648 -0.060 1.445 -0.051 0.798 0.020
0.063 0.647 -0.059 1.445 -0.050 0.799 0.019
0.063 0.647 -0.058 1.445 -0.049 0.799 0.018
0.062 0.647 -0.057 1.445 -0.048 0.800 0.017
0.061 0.646 -0.056 1.445 -0.047 0.800 0.016
0.061 0.646 -0.055 1.445 -0.046 0.801 0.015
0.060 0.645 -0.054 1.445 -0.045 0.801 0.014
0.060 0.645 -0.053 1.445 -0.044 0.801 0.013
0.059 0.644 -0.052 1.445 -0.043 0.802 0.012
0.058 0.644 -0.050 1.445 -0.042 0.802 0.011
0.058 0.644 -0.049 1.445 -0.041 0.802 0.010
0.057 0.643 -0.048 1.445 -0.040 0.803 0.009
0.056 0.643 -0.047 1.445 -0.039 0.803 0.008
0.056 0.642 -0.046 1.445 -0.038 0.803 0.007
0.055 0.642 -0.044 1.445 -0.037 0.804 0.006
0.054 0.642 -0.043 1.445 -0.036 0.804 0.005
0.054 0.641 -0.042 1.445 -0.035 0.804 0.004
0.053 0.641 -0.041 1.445 -0.034 0.805 0.003
0.052 0.641 -0.040 1.445 -0.033 0.805 0.002
0.052 0.640 -0.038 1.445 -0.032 0.805 0.001
0.051 0.640 -0.037 1.445 -0.031 0.805 0.000
0.050 0.640 -0.036 1.445 -0.030 0.806 -0.001
0.049 0.640 -0.035 1.445 -0.029 0.806 -0.002
0.049 0.639 -0.033 1.445 -0.028 0.806 -0.003
0.048 0.639 -0.032 1.445 -0.027 0.806 -0.004
0.047 0.639 -0.031 1.445 -0.025 0.806 -0.005
0.047 0.639 -0.030 1.445 -0.024 0.807 -0.006
0.046 0.638 -0.028 1.445 -0.023 0.807 -0.007
0.045 0.638 -0.027 1.445 -0.022 0.807 -0.008
0.045 0.638 -0.026 1.445 -0.021 0.807 -0.009
0.044 0.638 -0.024 1.445 -0.020 0.807 -0.010
0.043 0.637 -0.023 1.445 -0.019 0.808 -0.011
0.042 0.637 -0.022 1.445 -0.018 0.808 -0.012
0.042 0.637 -0.021 1.445 -0.017 0.808 -0.013
0.041 0.637 -0.019 1.445 -0.016 0.808 -0.015
0.040 0.637 -0.018 1.445 -0.015 0.808 -0.016
0.040 0.637 -0.017 1.445 -0.014 0.808 -0.017
0.039 0.637 -0.015 1.445 -0.013 0.808 -0.018
0.038 0.636 -0.014 1.445 -0.011 0.808 -0.019
0.037 0.636 -0.013 1.445 -0.010 0.809 -0.020
0.037 0.636 -0.011 1.445 -0.009 0.809 -0.021
0.036 0.636 -0.010 1.445 -0.008 0.809 -0.022
0.035 0.636 -0.009 1.445 -0.007 0.809 -0.023
0.034 0.636 -0.007 1.445 -0.006 0.809 -0.024
0.034 0.636 -0.006 1.445 -0.005 0.809 -0.026
0.033 0.636 -0.005 1.445 -0.004 0.809 -0.027
0.032 0.636 -0.003 1.445 -0.003 0.809 -0.028
0.032 0.636 -0.002 1.445 -0.002 0.809 -0.029
0.031 0.636 -0.001 1.445 -0.000 0.809 -0.030
0.030 0.636 0.001 1.445 0.001 0.809 -0.031
0.029 0.636 0.002 1.445 0.002 0.809 -0.032
0.029 0.636 0.003 1.445 0.003 0.809 -0.033
0.028 0.636 0.005 1.445 0.004 0.809 -0.034
0.027 0.636 0.006 1.445 0.005 0.809 -0.036
0.026 0.636 0.007 1.445 0.006 0.809 -0.037
0.026 0.636 0.009 1.445 0.007 0.809 -0.038
0.025 0.636 0.010 1.445 0.008 0.809 -0.039
0.024 0.636 0.011 1.445 0.009 0.809 -0.040
0.024 0.636 0.013 1.445 0.011 0.809 -0.041
0.023 0.636 0.014 1.445 0.012 0.808 -0.042
0.022 0.637 0.015 1.445 0.013 0.808 -0.043
0.021 0.637 0.017 1.445 0.014 0.808 -0.044
0.021 0.637 0.018 1.445 0.015 0.808 -0.045
0.020 0.637 0.019 1.445 0.016 0.808 -0.047
0.019 0.637 0.021 1.445 0.017 0.808 -0.048
0.018 0.637 0.022 1.445 0.018 0.808 -0.049
0.018 0.638 0.023 1.445 0.019 0.808 -0.050
0.017 0.638 0.025 1.445 0.020 0.807 -0.051
0.016 0.638 0.026 1.445 0.021 0.807 -0.052
0.016 0.638 0.027 1.445 0.022 0.807 -0.053
0.015 0.638 0.029 1.445 0.024 0.807 -0.054
0.014 0.639 0.030 1.445 0.025 0.807 -0.055
0.014 0.639 0.031 1.445 0.026 0.806 -0.056
0.013 0.639 0.032 1.445 0.027 0.806 -0.057
0.012 0.639 0.034 1.445 0.028 0.806 -0.058
0.011 0.640 0.035 1.445 0.029 0.806 -0.059
0.011 0.640 0.036 1.445 0.030 0.806 -0.060
0.010 0.640 0.037 1.445 0.031 0.805 -0.061
0.009 0.640 0.039 1.445 0.032 0.805 -0.062
0.009 0.641 0.040 1.445 0.033 0.805 -0.064
0.008 0.641 0.041 1.445 0.034 0.804 -0.065
0.007 0.641 0.042 1.445 0.035 0.804 -0.066
0.007 0.642 0.043 1.445 0.036 0.804 -0.067
0.006 0.642 0.045 1.445 0.037 0.804 -0.068
0.005 0.642 0.046 1.445 0.038 0.803 -0.069
0.005 0.643 0.047 1.445 0.039 0.803 -0.070
0.004 0.643 0.048 1.445 0.040 0.803 -0.071
0.003 0.644 0.049 1.445 0.041 0.802 -0.072
0.003 0.644 0.051 1.445 0.042 0.802 -0.072
0.002 0.644 0.052 1.445 0.043 0.802 -0.073
0.001 0.645 0.053 1.445 0.044 0.801 -0.074
0.001 0.645 0.054 1.445 0.045 0.801 -0.075
0.000 0.646 0.055 1.445 0.046 0.800 -0.076
-0.001 0.646 0.056 1.445 0.047 0.800 -0.077
-0.001 0.647 0.057 1.445 0.048 0.800 -0.078
-0.002 0.647 0.058 1.445 0.049 0.799 -0.079
-0.002 0.648 0.059 1.445 0.050 0.799 -0.080
-0.003 0.648 0.061 1.445 0.051 0.798 -0.081
-0.004 0.648 0.062 1.445 0.052 0.798 -0.082
-0.004 0.649 0.063 1.445 0.053 0.798 -0.083
-0.005 0.649 0.064 1.445 0.054 0.797 -0.084
-0.005 0.650 0.065 1.445 0.055 0.797 -0.084
-0.006 0.651 0.066 1.445 0.056 0.796 -0.085
-0.007 0.651 0.067 1.445 0.057 0.796 -0.086
-0.007 0.652 0.068 1.445 0.058 0.795 -0.087
-0.008 0.652 0.069 1.445 0.058 0.795 -0.088
-0.008 0.653 0.070 1.445 0.059 0.794 -0.089
-0.009 0.653 0.071 1.445 0.060 0.794 -0.090
-0.009 0.654 0.072 1.445 0.061 0.793 -0.090
-0.010 0.654 0.072 1.445 0.062 0.793 -0.091
-0.010 0.655 0.073 1.445 0.063 0.792 -0.092
-0.011 0.656 0.074 1.445 0.064 0.792 -0.093
-0.012 0.656 0.075 1.445 0.064 0.791 -0.093
-0.012 0.657 0.076 1.445 0.065 0.791 -0.094
-0.013 0.657 0.077 1.445 0.066 0.790 -0.095
-0.013 0.658 0.078 1.445 0.067 0.789 -0.096
-0.014 0.659 0.079 1.445 0.068 0.789 -0.096
-0.014 0.659 0.079 1.445 0.069 0.788 -0.097
-0.015 0.660 0.080 1.445 0.069 0.788 -0.098
-0.015 0.661 0.081 1.445 0.070 0.787 -0.099
-0.016 0.661 0.082 1.445 0.071 0.787 -0.099
-0.016 0.662 0.083 1.445 0.072 0.786 -0.100
-0.016 0.663 0.083 1.445 0.072 0.785 -0.101
-0.017 0.663 0.084 1.445 0.073 0.785 -0.101
-0.017 0.664 0.085 1.445 0.074 0.784 -0.102
-0.018 0.665 0.085 1.445 0.075 0.784 -0.103
-0.018 0.665 0.086 1.445 0.075 0.783 -0.103
-0.019 0.666 0.087 1.445 0.076 0.782 -0.104
-0.019 0.667 0.088 1.445 0.077 0.782 -0.104
-0.019 0.667 0.088 1.445 0.077 0.781 -0.105
-0.020 0.668 0.089 1.445 0.078 0.780 -0.106
-0.020 0.669 0.089 1.445 0.079 0.780 -0.106
-0.021 0.669 0.090 1.445 0.079 0.779 -0.107
-0.021 0.670 0.091 1.445 0.080 0.778 -0.107
-0.021 0.671 0.091 1.445 0.081 0.778 -0.108
-0.022 0.672 0.092 1.445 0.081 0.777 -0.108
-0.022 0.672 0.092 1.445 0.082 0.776 -0.109
-0.022 0.673 0.093 1.445 0.083 0.776 -0.109
-0.023 0.674 0.093 1.445 0.083 0.775 -0.110
-0.023 0.675 0.094 1.445 0.084 0.774 -0.110
-0.023 0.675 0.094 1.445 0.084 0.773 -0.111
-0.024 0.676 0.095 1.445 0.085 0.773 -0.111
-0.024 0.677 0.095 1.445 0.085 0.772 -0.112
-0.024 0.678 0.096 1.445 0.086 0.771 -0.112
-0.024 0.679 0.096 1.445 0.086 0.771 -0.113
-0.025 0.679 0.096 1.445 0.087 0.770 -0.113
-0.025 0.680 0.097 1.445 0.087 0.769 -0.113
-0.025 0.681 0.097 1.445 0.088 0.768 -0.114
-0.025 0.682 0.097 1.445 0.088 0.768 -0.114
-0.026 0.682 0.098 1.445 0.089 0.767 -0.114
-0.026 0.683 0.098 1.445 0.089 0.766 -0.115
-0.026 0.684 0.098 1.445 0.090 0.765 -0.115
-0.026 0.685 0.099 1.445 0.090 0.764 -0.115
-0.026 0.686 0.099 1.445 0.091 0.764 -0.116
-0.027 0.686 0.099 1.445 0.091 0.763 -0.116
-0.027 0.687 0.099 1.445 0.091 0.762 -0.116
-0.027 0.688 0.100 1.445 0.092 0.761 -0.117
-0.027 0.689 0.100 1.445 0.092 0.761 -0.117
-0.027 0.690 0.100 1.445 0.092 0.760 -0.117
-0.027 0.690 0.100 1.445 0.093 0.759 -0.117
-0.027 0.691 0.100 1.445 0.093 0.758 -0.118
-0.028 0.692 0.100 1.445 0.093 0.757 -0.118
-0.028 0.693 0.101 1.445 0.094 0.757 -0.118
-0.028 0.694 0.101 1.445 0.094 0.756 -0.118
-0.028 0.695 0.101 1.445 0.094 0.755 -0.118
-0.028 0.695 0.101 1.445 0.094 0.754 -0.119
-0.028 0.696 0.101 1.445 0.095 0.753 -0.119
-0.028 0.697 0.101 1.445 0.095 0.753 -0.119
-0.028 0.698 0.101 1.445 0.095 0.752 -0.119
-0.028 0.699 0.101 1.445 0.095 0.751 -0.119
-0.028 0.699 0.101 1.445 0.095 0.750 -0.119
-0.028 0.700 0.101 1.445 0.095 0.749 -0.119
-0.028 0.701 0.101 1.445 0.096 0.749 -0.119
-0.028 0.702 0.101 1.445 0.096 0.748 -0.119
-0.028 0.703 0.101 1.445 0.096 0.747 -0.120
-0.028 0.704 0.101 1.445 0.096 0.746 -0.120
-0.028 0.704 0.101 1.445 0.096 0.745 -0.120
-0.028 0.705 0.100 1.445 0.096 0.745 -0.120
-0.028 0.706 0.100 1.445 0.096 0.744 -0.120
-0.027 0.707 0.100 1.445 0.096 0.743 -0.120
-0.027 0.708 0.100 1.445 0.096 0.742 -0.120
-0.027 0.708 0.100 1.445 0.096 0.741 -0.120
-0.027 0.709 0.100 1.445 0.096 0.740 -0.120
-0.027 0.710 0.099 1.445 0.096 0.740 -0.120
-0.027 0.711 0.099 1.445 0.096 0.739 -0.120
-0.027 0.712 0.099 1.445 0.096 0.738 -0.120
-0.026 0.712 0.099 1.445 0.096 0.737 -0.119
-0.026 0.713 0.098 1.445 0.096 0.736 -0.119
-0.026 0.714 0.098 1.445 0.096 0.736 -0.119
-0.026 0.715 0.098 1.445 0.096 0.735 -0.119
-0.026 0.716 0.097 1.445 0.095 0.734 -0.119
-0.025 0.716 0.097 1.445 0.095 0.733 -0.119
-0.025 0.717 0.097 1.445 0.095 0.732 -0.119
-0.025 0.718 0.096 1.445 0.095 0.731 -0.119
-0.025 0.719 0.096 1.445 0.095 0.731 -0.118
-0.024 0.720 0.096 1.445 0.095 0.730 -0.118
-0.024 0.720 0.095 1.445 0.094 0.729 -0.118
-0.024 0.721 0.095 1.445 0.094 0.728 -0.118
-0.023 0.722 0.094 1.445 0.094 0.727 -0.118
-0.023 0.723 0.094 1.445 0.094 0.727 -0.118
-0.023 0.723 0.093 1.445 0.093 0.726 -0.117
-0.022 0.724 0.093 1.445 0.093 0.725 -0.117
-0.022 0.725 0.093 1.445 0.093 0.724 -0.117
-0.022 0.726 0.092 1.445 0.092 0.723 -0.117
-0.021 0.726 0.092 1.445 0.092 0.723 -0.116
-0.021 0.727 0.091 1.445 0.092 0.722 -0.116
-0.020 0.728 0.090 1.445 0.091 0.721 -0.116
-0.020 0.729 0.090 1.445 0.091 0.720 -0.116
-0.019 0.729 0.089 1.445 0.090 0.720 -0.115
-0.019 0.730 0.089 1.445 0.090 0.719 -0.115
-0.019 0.731 0.088 1.445 0.089 0.718 -0.115
-0.018 0.731 0.088 1.445 0.089 0.717 -0.114
-0.018 0.732 0.087 1.445 0.088 0.717 -0.114
-0.017 0.733 0.086 1.445 0.088 0.716 -0.114
-0.017 0.734 0.086 1.445 0.087 0.715 -0.113
-0.016 0.734 0.085 1.445 0.087 0.714 -0.113
-0.015 0.735 0.084 1.445 0.086 0.714 -0.113
-0.015 0.736 0.084 1.445 0.086 0.713 -0.112
-0.014 0.736 0.083 1.445 0.085 0.712 -0.112
-0.014 0.737 0.082 1.445 0.085 0.711 -0.111
-0.013 0.738 0.082 1.445 0.084 0.711 -0.111
-0.013 0.738 0.081 1.445 0.084 0.710 -0.111
-0.012 0.739 0.080 1.445 0.083 0.709 -0.110
-0.011 0.740 0.079 1.445 0.082 0.709 -0.110
-0.011 0.740 0.079 1.445 0.082 0.708 -0.109
-0.010 0.741 0.078 1.445 0.081 0.707 -0.109
-0.010 0.741 0.077 1.445 0.080 0.706 -0.108
-0.009 0.742 0.076 1.445 0.080 0.706 -0.108
-0.008 0.743 0.076 1.445 0.079 0.705 -0.108
-0.008 0.743 0.075 1.445 0.078 0.704 -0.107
-0.007 0.744 0.074 1.445 0.077 0.704 -0.107
-0.006 0.744 0.073 1.445 0.077 0.703 -0.106
-0.005 0.745 0.072 1.445 0.076 0.703 -0.106
-0.005 0.746 0.071 1.445 0.075 0.702 -0.105
-0.004 0.746 0.071 1.445 0.074 0.701 -0.105
-0.003 0.747 0.070 1.445 0.073 0.701 -0.104
-0.003 0.747 0.069 1.445 0.073 0.700 -0.104
-0.002 0.748 0.068 1.445 0.072 0.699 -0.103
-0.001 0.748 0.067 1.445 0.071 0.699 -0.103
-0.000 0.749 0.066 1.445 0.070 0.698 -0.102
0.001 0.750 0.065 1.445 0.069 0.698 -0.102
0.001 0.750 0.064 1.445 0.068 0.697 -0.101
0.002 0.751 0.063 1.445 0.067 0.696 -0.100
0.003 0.751 0.063 1.445 0.067 0.696 -0.100
0.004 0.752 0.062 1.445 0.066 0.695 -0.099
0.005 0.752 0.061 1.445 0.065 0.695 -0.099
0.005 0.753 0.060 1.445 0.064 0.694 -0.098
0.006 0.753 0.059 1.445 0.063 0.694 -0.098
0.007 0.753 0.058 1.445 0.062 0.693 -0.097
0.008 0.754 0.057 1.445 0.061 0.693 -0.096
0.009 0.754 0.056 1.445 0.060 0.692 -0.096
0.010 0.755 0.055 1.445 0.059 0.692 -0.095
0.011 0.755 0.054 1.445 0.058 0.691 -0.095
0.012 0.756 0.053 1.445 0.057 0.691 -0.094
0.012 0.756 0.052 1.445 0.056 0.690 -0.093
0.013 0.757 0.051 1.445 0.055 0.690 -0.093
0.014 0.757 0.050 1.445 0.054 0.689 -0.092
0.015 0.757 0.049 1.445 0.053 0.689 -0.091
0.016 0.758 0.048 1.445 0.052 0.688 -0.091
0.017 0.758 0.047 1.445 0.051 0.688 -0.090
0.018 0.758 0.046 1.445 0.050 0.688 -0.090
0.019 0.759 0.045 1.445 0.048 0.687 -0.089
0.020 0.759 0.044 1.445 0.047 0.687 -0.088
0.021 0.759 0.043 1.445 0.046 0.686 -0.088
0.022 0.760 0.041 1.445 0.045 0.686 -0.087
0.023 0.760 0.040 1.445 0.044 0.686 -0.086
0.024 0.760 0.039 1.445 0.043 0.685 -0.086
0.025 0.761 0.038 1.445 0.042 0.685 -0.085
0.026 0.761 0.037 1.445 0.041 0.685 -0.084
0.027 0.761 0.036 1.445 0.039 0.684 -0.084
0.028 0.762 0.035 1.445 0.038 0.684 -0.083
0.029 0.762 0.034 1.445 0.037 0.684 -0.082
0.030 0.762 0.033 1.445 0.036 0.683 -0.082
0.031 0.762 0.032 1.445 0.035 0.683 -0.081
0.032 0.763 0.031 1.445 0.034 0.683 -0.080
0.033 0.763 0.029 1.445 0.032 0.682 -0.079
0.034 0.763 0.028 1.445 0.031 0.682 -0.079
0.035 0.763 0.027 1.445 0.030 0.682 -0.078
0.036 0.764 0.026 1.445 0.029 0.682 -0.077
0.037 0.764 0.025 1.445 0.027 0.681 -0.077
0.038 0.764 0.024 1.445 0.026 0.681 -0.076
0.039 0.764 0.023 1.445 0.025 0.681 -0.075
0.040 0.764 0.022 1.445 0.024 0.681 -0.075
0.041 0.765 0.021 1.445 0.023 0.681 -0.074
0.043 0.765 0.019 1.445 0.021 0.680 -0.073
0.044 0.765 0.018 1.445 0.020 0.680 -0.072
0.045 0.765 0.017 1.445 0.019 0.680 -0.072
0.046 0.765 0.016 1.445 0.018 0.680 -0.071
0.047 0.765 0.015 1.445 0.016 0.680 -0.070
0.048 0.765 0.014 1.445 0.015 0.680 -0.070
0.049 0.765 0.013 1.445 0.014 0.680 -0.069
0.050 0.766 0.011 1.445 0.013 0.679 -0.068
0.051 0.766 0.010 1.445 0.011 0.679 -0.067
0.053 0.766 0.008 1.445 0.009 0.679 -0.066
0.054 0.766 0.007 1.445 0.008 0.679 -0.065
0.055 0.766 0.006 1.445 0.007 0.679 -0.065
0.056 0.766 0.006 1.445 0.006 0.679 -0.064
0.056 0.766 0.006 1.445 0.006 0.679 -0.064
