0.000 -0.000 0.683 -0.000 1.222 0.000 0.539 0.000
0.010 -0.000 0.683 -0.000 1.222 0.000 0.539 0.000
0.030 0.001 0.683 -0.001 1.222 -0.001 0.539 0.000
0.050 0.003 0.683 -0.002 1.222 -0.003 0.539 0.001
0.070 0.005 0.683 -0.004 1.222 -0.005 0.539 0.003
0.090 0.008 0.683 -0.006 1.222 -0.008 0.539 0.004
0.110 0.010 0.683 -0.008 1.222 -0.010 0.539 0.005
0.130 0.012 0.683 -0.010 1.222 -0.012 0.539 0.006
0.150 0.014 0.683 -0.012 1.222 -0.014 0.539 0.007
0.170 0.016 0.683 -0.013 1.222 -0.017 0.539 0.008
0.190 0.018 0.683 -0.015 1.222 -0.019 0.539 0.009
0.210 0.020 0.683 -0.017 1.222 -0.021 0.539 0.010
0.230 0.022 0.683 -0.018 1.222 -0.023 0.540 0.012
0.250 0.024 0.683 -0.020 1.222 -0.025 0.540 0.013
0.270 0.026 0.683 -0.022 1.222 -0.027 0.540 0.014
0.290 0.028 0.682 -0.023 1.222 -0.029 0.540 0.015
0.310 0.030 0.682 -0.025 1.222 -0.031 0.540 0.016
0.330 0.032 0.682 -0.027 1.222 -0.033 0.541 0.017
0.350 0.034 0.682 -0.028 1.222 -0.035 0.541 0.018
0.370 0.036 0.682 -0.030 1.222 -0.037 0.541 0.019
0.390 0.038 0.681 -0.032 1.222 -0.039 0.541 0.020
0.410 0.040 0.681 -0.033 1.222 -0.041 0.542 0.021
0.430 0.042 0.681 -0.035 1.222 -0.043 0.542 0.022
0.450 0.044 0.681 -0.037 1.222 -0.045 0.542 0.023
0.470 0.046 0.681 -0.038 1.222 -0.047 0.543 0.024
0.490 0.048 0.680 -0.040 1.222 -0.049 0.543 0.025
0.510 0.050 0.680 -0.042 1.222 -0.051 0.543 0.026
0.530 0.052 0.680 -0.043 1.222 -0.053 0.544 0.027
0.550 0.054 0.679 -0.045 1.222 -0.055 0.544 0.028
0.570 0.056 0.679 -0.047 1.222 -0.057 0.544 0.029
0.590 0.058 0.679 -0.048 1.222 -0.058 0.545 0.030
0.610 0.059 0.678 -0.050 1.222 -0.060 0.545 0.031
0.630 0.061 0.678 -0.051 1.222 -0.062 0.546 0.032
0.650 0.063 0.678 -0.053 1.222 -0.064 0.546 0.033
0.670 0.065 0.677 -0.055 1.222 -0.066 0.547 0.034
0.690 0.067 0.677 -0.056 1.222 -0.068 0.547 0.035
0.710 0.069 0.677 -0.058 1.222 -0.070 0.547 0.036
0.730 0.071 0.676 -0.059 1.222 -0.071 0.548 0.037
0.750 0.072 0.676 -0.061 1.222 -0.073 0.548 0.038
0.770 0.074 0.675 -0.063 1.222 -0.075 0.549 0.039
0.790 0.076 0.675 -0.064 1.222 -0.077 0.550 0.040
0.810 0.078 0.675 -0.066 1.222 -0.079 0.550 0.041
0.830 0.080 0.674 -0.067 1.222 -0.080 0.551 0.042
0.850 0.081 0.674 -0.069 1.222 -0.082 0.551 0.043
0.870 0.083 0.673 -0.071 1.222 -0.084 0.552 0.044
0.890 0.085 0.673 -0.072 1.222 -0.086 0.552 0.045
0.910 0.087 0.672 -0.074 1.222 -0.087 0.553 0.045
0.930 0.088 0.672 -0.075 1.222 -0.089 0.554 0.046
0.950 0.090 0.671 -0.077 1.222 -0.091 0.554 0.047
0.970 0.092 0.671 -0.078 1.222 -0.092 0.555 0.048
0.990 0.093 0.670 -0.080 1.222 -0.094 0.556 0.049
1.010 0.095 0.670 -0.081 1.222 -0.096 0.556 0.050
1.030 0.097 0.669 -0.083 1.222 -0.097 0.557 0.051
1.050 0.098 0.668 -0.084 1.222 -0.099 0.558 0.052
1.070 0.100 0.668 -0.086 1.222 -0.100 0.558 0.053
1.090 0.101 0.667 -0.087 1.222 -0.102 0.559 0.054
1.110 0.103 0.667 -0.089 1.222 -0.103 0.560 0.055
1.130 0.104 0.666 -0.090 1.222 -0.105 0.561 0.055
1.150 0.106 0.665 -0.092 1.222 -0.106 0.561 0.056
1.170 0.107 0.665 -0.093 1.222 -0.108 0.562 0.057
1.190 0.109 0.664 -0.094 1.222 -0.109 0.563 0.058
1.210 0.110 0.664 -0.096 1.222 -0.111 0.564 0.059
1.230 0.112 0.663 -0.097 1.222 -0.112 0.565 0.060
1.250 0.113 0.662 -0.099 1.222 -0.113 0.565 0.060
1.270 0.115 0.662 -0.100 1.222 -0.115 0.566 0.061
1.290 0.116 0.661 -0.102 1.222 -0.116 0.567 0.062
1.310 0.118 0.660 -0.103 1.222 -0.117 0.568 0.063
1.330 0.119 0.659 -0.104 1.222 -0.119 0.569 0.064
1.350 0.120 0.659 -0.106 1.222 -0.120 0.570 0.064
1.370 0.122 0.658 -0.107 1.222 -0.121 0.570 0.065
1.390 0.123 0.657 -0.108 1.222 -0.122 0.571 0.066
1.410 0.124 0.656 -0.110 1.222 -0.124 0.572 0.067
1.430 0.126 0.656 -0.111 1.222 -0.125 0.573 0.067
1.450 0.127 0.655 -0.112 1.222 -0.126 0.574 0.068
1.470 0.128 0.654 -0.114 1.222 -0.127 0.575 0.069
1.490 0.129 0.653 -0.115 1.222 -0.128 0.576 0.070
1.510 0.131 0.653 -0.116 1.222 -0.129 0.577 0.070
1.530 0.132 0.652 -0.117 1.222 -0.130 0.578 0.071
1.550 0.133 0.651 -0.119 1.222 -0.131 0.579 0.072
1.570 0.134 0.650 -0.120 1.222 -0.132 0.580 0.072
1.590 0.135 0.649 -0.121 1.222 -0.133 0.581 0.073
1.610 0.136 0.648 -0.122 1.222 -0.134 0.582 0.074
1.630 0.137 0.648 -0.123 1.222 -0.135 0.583 0.074
1.650 0.139 0.647 -0.125 1.222 -0.136 0.584 0.075
1.670 0.140 0.646 -0.126 1.222 -0.137 0.585 0.076
1.690 0.141 0.645 -0.127 1.222 -0.138 0.586 0.076
1.710 0.142 0.644 -0.128 1.222 -0.139 0.587 0.077
1.730 0.143 0.643 -0.129 1.222 -0.140 0.588 0.077
1.750 0.144 0.642 -0.130 1.222 -0.140 0.589 0.078
1.770 0.145 0.641 -0.131 1.222 -0.141 0.590 0.078
1.790 0.145 0.640 -0.132 1.222 -0.142 0.591 0.079
1.810 0.146 0.639 -0.133 1.222 -0.143 0.592 0.080
1.830 0.147 0.639 -0.134 1.222 -0.143 0.593 0.080
1.850 0.148 0.638 -0.135 1.222 -0.144 0.594 0.081
1.870 0.149 0.637 -0.136 1.222 -0.145 0.595 0.081
1.890 0.150 0.636 -0.137 1.222 -0.145 0.596 0.082
1.910 0.151 0.635 -0.138 1.222 -0.146 0.597 0.082
1.930 0.151 0.634 -0.139 1.222 -0.147 0.598 0.082
1.950 0.152 0.633 -0.140 1.222 -0.147 0.599 0.083
1.970 0.153 0.632 -0.141 1.222 -0.148 0.600 0.083
1.990 0.154 0.631 -0.142 1.222 -0.148 0.601 0.084
2.010 0.154 0.630 -0.143 1.222 -0.149 0.602 0.084
2.030 0.155 0.629 -0.144 1.222 -0.149 0.604 0.084
2.050 0.156 0.628 -0.145 1.222 -0.149 0.605 0.085
2.070 0.156 0.627 -0.145 1.222 -0.150 0.606 0.085
2.090 0.157 0.626 -0.146 1.222 -0.150 0.607 0.086
2.110 0.158 0.625 -0.147 1.222 -0.150 0.608 0.086
2.130 0.158 0.624 -0.148 1.222 -0.151 0.609 0.086
2.150 0.159 0.623 -0.148 1.222 -0.151 0.610 0.086
2.170 0.159 0.622 -0.149 1.222 -0.151 0.611 0.087
2.190 0.160 0.620 -0.150 1.222 -0.152 0.613 0.087
2.210 0.160 0.619 -0.151 1.222 -0.152 0.614 0.087
2.230 0.161 0.618 -0.151 1.222 -0.152 0.615 0.087
2.250 0.161 0.617 -0.152 1.222 -0.152 0.616 0.088
2.270 0.162 0.616 -0.152 1.222 -0.152 0.617 0.088
2.290 0.162 0.615 -0.153 1.222 -0.152 0.618 0.088
2.310 0.162 0.614 -0.154 1.222 -0.153 0.619 0.088
2.330 0.163 0.613 -0.154 1.222 -0.153 0.620 0.088
2.350 0.163 0.612 -0.155 1.222 -0.153 0.622 0.088
2.370 0.163 0.611 -0.155 1.222 -0.153 0.623 0.088
2.390 0.164 0.610 -0.156 1.222 -0.153 0.624 0.088
2.410 0.164 0.609 -0.156 1.222 -0.152 0.625 0.089
2.430 0.164 0.607 -0.157 1.222 -0.152 0.626 0.089
2.450 0.164 0.606 -0.157 1.222 -0.152 0.627 0.089
2.470 0.165 0.605 -0.157 1.222 -0.152 0.628 0.089
2.490 0.165 0.604 -0.158 1.222 -0.152 0.629 0.089
2.510 0.165 0.603 -0.158 1.222 -0.152 0.631 0.089
2.530 0.165 0.602 -0.158 1.222 -0.152 0.632 0.089
2.550 0.165 0.601 -0.159 1.222 -0.152 0.633 0.088
2.570 0.166 0.600 -0.159 1.222 -0.151 0.634 0.088
2.590 0.166 0.598 -0.159 1.222 -0.151 0.635 0.088
2.610 0.166 0.597 -0.159 1.222 -0.151 0.636 0.088
2.630 0.166 0.596 -0.160 1.222 -0.151 0.637 0.088
2.650 0.166 0.595 -0.160 1.222 -0.150 0.639 0.088
2.670 0.166 0.594 -0.160 1.222 -0.150 0.640 0.088
2.690 0.166 0.593 -0.160 1.222 -0.150 0.641 0.087
2.710 0.166 0.592 -0.160 1.222 -0.149 0.642 0.087
2.730 0.166 0.591 -0.160 1.222 -0.149 0.643 0.087
2.750 0.166 0.589 -0.160 1.222 -0.148 0.644 0.087
2.770 0.166 0.588 -0.160 1.222 -0.148 0.645 0.086
2.790 0.166 0.587 -0.160 1.222 -0.147 0.646 0.086
2.810 0.166 0.586 -0.160 1.222 -0.147 0.647 0.086
2.830 0.165 0.585 -0.160 1.222 -0.146 0.648 0.085
2.850 0.165 0.584 -0.160 1.222 -0.146 0.650 0.085
2.870 0.165 0.583 -0.160 1.222 -0.145 0.651 0.085
2.890 0.165 0.581 -0.160 1.222 -0.145 0.652 0.084
2.910 0.165 0.580 -0.160 1.222 -0.144 0.653 0.084
2.930 0.165 0.579 -0.159 1.222 -0.143 0.654 0.083
2.950 0.164 0.578 -0.159 1.222 -0.143 0.655 0.083
2.970 0.164 0.577 -0.159 1.222 -0.142 0.656 0.082
2.990 0.164 0.576 -0.159 1.222 -0.141 0.657 0.082
3.010 0.164 0.575 -0.158 1.222 -0.141 0.658 0.081
3.030 0.163 0.574 -0.158 1.222 -0.140 0.659 0.081
3.050 0.163 0.573 -0.158 1.222 -0.139 0.660 0.080
3.070 0.163 0.571 -0.157 1.222 -0.139 0.661 0.080
3.090 0.162 0.570 -0.157 1.222 -0.138 0.662 0.079
3.110 0.162 0.569 -0.157 1.222 -0.137 0.663 0.078
3.130 0.162 0.568 -0.156 1.222 -0.136 0.664 0.078
3.150 0.161 0.567 -0.156 1.222 -0.135 0.665 0.077
3.170 0.161 0.566 -0.155 1.222 -0.134 0.666 0.076
3.190 0.160 0.565 -0.155 1.222 -0.134 0.667 0.076
3.210 0.160 0.564 -0.154 1.222 -0.133 0.668 0.075
3.230 0.159 0.563 -0.153 1.222 -0.132 0.669 0.074
3.250 0.159 0.562 -0.153 1.222 -0.131 0.670 0.073
3.270 0.159 0.561 -0.152 1.222 -0.130 0.671 0.073
3.290 0.158 0.559 -0.151 1.222 -0.129 0.672 0.072
3.310 0.158 0.558 -0.151 1.222 -0.128 0.673 0.071
3.330 0.157 0.557 -0.150 1.222 -0.127 0.674 0.070
3.350 0.156 0.556 -0.149 1.222 -0.126 0.675 0.069
3.370 0.156 0.555 -0.148 1.222 -0.125 0.676 0.068
3.390 0.155 0.554 -0.148 1.222 -0.124 0.677 0.067
3.410 0.155 0.553 -0.147 1.222 -0.123 0.678 0.066
3.430 0.154 0.552 -0.146 1.222 -0.122 0.678 0.065
3.450 0.154 0.551 -0.145 1.222 -0.121 0.679 0.064
3.470 0.153 0.550 -0.144 1.222 -0.120 0.680 0.063
3.490 0.152 0.549 -0.143 1.222 -0.119 0.681 0.062
3.510 0.152 0.548 -0.142 1.222 -0.118 0.682 0.061
3.530 0.151 0.547 -0.141 1.222 -0.116 0.683 0.060
3.550 0.150 0.546 -0.140 1.222 -0.115 0.684 0.059
3.570 0.150 0.545 -0.139 1.222 -0.114 0.684 0.058
3.590 0.149 0.544 -0.138 1.222 -0.113 0.685 0.057
3.610 0.148 0.543 -0.137 1.222 -0.112 0.686 0.056
3.630 0.148 0.542 -0.136 1.222 -0.111 0.687 0.055
3.650 0.147 0.542 -0.135 1.222 -0.109 0.688 0.053
3.670 0.146 0.541 -0.134 1.222 -0.108 0.688 0.052
3.690 0.146 0.540 -0.132 1.222 -0.107 0.689 0.051
3.710 0.145 0.539 -0.131 1.222 -0.106 0.690 0.050
3.730 0.144 0.538 -0.130 1.222 -0.104 0.691 0.048
3.750 0.143 0.537 -0.129 1.222 -0.103 0.692 0.047
3.770 0.143 0.536 -0.127 1.222 -0.102 0.692 0.046
3.790 0.142 0.535 -0.126 1.222 -0.101 0.693 0.044
3.810 0.141 0.534 -0.125 1.222 -0.099 0.694 0.043
3.830 0.140 0.534 -0.123 1.222 -0.098 0.694 0.042
3.850 0.139 0.533 -0.122 1.222 -0.097 0.695 0.040
3.870 0.139 0.532 -0.121 1.222 -0.095 0.696 0.039
3.890 0.138 0.531 -0.119 1.222 -0.094 0.696 0.038
3.910 0.137 0.530 -0.118 1.222 -0.093 0.697 0.036
3.930 0.136 0.529 -0.116 1.222 -0.091 0.698 0.035
3.950 0.135 0.529 -0.115 1.222 -0.090 0.698 0.033
3.970 0.134 0.528 -0.113 1.222 -0.089 0.699 0.032
3.990 0.133 0.527 -0.112 1.222 -0.087 0.700 0.030
4.010 0.133 0.526 -0.110 1.222 -0.086 0.700 0.029
4.030 0.132 0.526 -0.109 1.222 -0.084 0.701 0.027
4.050 0.131 0.525 -0.107 1.222 -0.083 0.702 0.026
4.070 0.130 0.524 -0.105 1.222 -0.082 0.702 0.024
4.090 0.129 0.523 -0.104 1.222 -0.080 0.703 0.022
4.110 0.128 0.523 -0.102 1.222 -0.079 0.703 0.021
4.130 0.127 0.522 -0.101 1.222 -0.077 0.704 0.019
4.150 0.126 0.521 -0.099 1.222 -0.076 0.704 0.017
4.170 0.125 0.521 -0.097 1.222 -0.075 0.705 0.016
4.190 0.124 0.520 -0.095 1.222 -0.073 0.705 0.014
4.210 0.123 0.519 -0.094 1.222 -0.072 0.706 0.012
4.230 0.123 0.519 -0.092 1.222 -0.070 0.706 0.011
4.250 0.122 0.518 -0.090 1.222 -0.069 0.707 0.009
4.270 0.121 0.518 -0.088 1.222 -0.067 0.707 0.007
4.290 0.120 0.517 -0.087 1.222 -0.066 0.708 0.006
4.310 0.119 0.516 -0.085 1.222 -0.064 0.708 0.004
4.330 0.118 0.516 -0.083 1.222 -0.063 0.709 0.002
4.350 0.117 0.515 -0.081 1.222 -0.061 0.709 0.000
4.370 0.116 0.515 -0.079 1.222 -0.060 0.710 -0.002
4.390 0.115 0.514 -0.077 1.222 -0.058 0.710 -0.003
4.410 0.114 0.514 -0.075 1.222 -0.057 0.710 -0.005
4.430 0.113 0.513 -0.073 1.222 -0.055 0.711 -0.007
4.450 0.112 0.513 -0.071 1.222 -0.054 0.711 -0.009
4.470 0.111 0.512 -0.069 1.222 -0.052 0.712 -0.011
4.490 0.110 0.512 -0.068 1.222 -0.051 0.712 -0.013
4.510 0.109 0.511 -0.066 1.222 -0.049 0.712 -0.015
4.530 0.108 0.511 -0.064 1.222 -0.048 0.713 -0.016
4.550 0.107 0.511 -0.062 1.222 -0.046 0.713 -0.018
4.570 0.106 0.510 -0.060 1.222 -0.044 0.713 -0.020
4.590 0.105 0.510 -0.058 1.222 -0.043 0.714 -0.022
4.610 0.104 0.509 -0.056 1.222 -0.041 0.714 -0.024
4.630 0.103 0.509 -0.053 1.222 -0.040 0.714 -0.026
4.650 0.102 0.509 -0.051 1.222 -0.038 0.714 -0.028
4.670 0.101 0.508 -0.049 1.222 -0.037 0.715 -0.030
4.690 0.100 0.508 -0.047 1.222 -0.035 0.715 -0.032
4.710 0.099 0.508 -0.045 1.222 -0.034 0.715 -0.034
4.730 0.098 0.507 -0.043 1.222 -0.032 0.715 -0.036
4.750 0.097 0.507 -0.041 1.222 -0.030 0.716 -0.038
4.770 0.096 0.507 -0.039 1.222 -0.029 0.716 -0.040
4.790 0.095 0.507 -0.037 1.222 -0.027 0.716 -0.042
4.810 0.093 0.506 -0.035 1.222 -0.026 0.716 -0.044
4.830 0.092 0.506 -0.033 1.222 -0.024 0.716 -0.046
4.850 0.091 0.506 -0.030 1.222 -0.022 0.717 -0.048
4.870 0.090 0.506 -0.028 1.222 -0.021 0.717 -0.050
4.890 0.089 0.506 -0.026 1.222 -0.019 0.717 -0.052
4.910 0.088 0.505 -0.024 1.222 -0.018 0.717 -0.054
4.930 0.087 0.505 -0.022 1.222 -0.016 0.717 -0.056
4.950 0.086 0.505 -0.020 1.222 -0.015 0.717 -0.058
4.970 0.085 0.505 -0.018 1.222 -0.013 0.717 -0.060
4.990 0.084 0.505 -0.015 1.222 -0.011 0.717 -0.062
5.010 0.083 0.505 -0.013 1.222 -0.010 0.717 -0.064
5.030 0.082 0.505 -0.011 1.222 -0.008 0.718 -0.066
5.050 0.081 0.505 -0.009 1.222 -0.007 0.718 -0.068
5.070 0.080 0.505 -0.007 1.222 -0.005 0.718 -0.070
5.090 0.079 0.505 -0.005 1.222 -0.003 0.718 -0.072
5.110 0.078 0.505 -0.002 1.222 -0.002 0.718 -0.074
5.130 0.077 0.505 -0.000 1.222 -0.000 0.718 -0.076
5.150 0.076 0.505 0.002 1.222 0.001 0.718 -0.078
5.170 0.075 0.505 0.004 1.222 0.003 0.718 -0.081
5.190 0.074 0.505 0.006 1.222 0.005 0.718 -0.083
5.210 0.072 0.505 0.008 1.222 0.006 0.718 -0.085
5.230 0.071 0.505 0.011 1.222 0.008 0.718 -0.087
5.250 0.070 0.505 0.013 1.222 0.009 0.717 -0.089
5.270 0.069 0.505 0.015 1.222 0.011 0.717 -0.091
5.290 0.068 0.505 0.017 1.222 0.013 0.717 -0.093
5.310 0.067 0.505 0.019 1.222 0.014 0.717 -0.095
5.330 0.066 0.505 0.021 1.222 0.016 0.717 -0.097
5.350 0.065 0.505 0.024 1.222 0.017 0.717 -0.099
5.370 0.064 0.506 0.026 1.222 0.019 0.717 -0.101
5.390 0.063 0.506 0.028 1.222 0.021 0.717 -0.103
5.410 0.062 0.506 0.030 1.222 0.022 0.717 -0.105
5.430 0.061 0.506 0.032 1.222 0.024 0.716 -0.107
5.450 0.060 0.506 0.034 1.222 0.025 0.716 -0.109
5.470 0.059 0.507 0.036 1.222 0.027 0.716 -0.111
5.490 0.058 0.507 0.039 1.222 0.028 0.716 -0.113
5.510 0.057 0.507 0.041 1.222 0.030 0.716 -0.115
5.530 0.056 0.507 0.043 1.222 0.032 0.715 -0.117
5.550 0.055 0.508 0.045 1.222 0.033 0.715 -0.119
5.570 0.054 0.508 0.047 1.222 0.035 0.715 -0.121
5.590 0.053 0.508 0.049 1.222 0.036 0.715 -0.123
5.610 0.052 0.509 0.051 1.222 0.038 0.714 -0.125
5.630 0.051 0.509 0.053 1.222 0.039 0.714 -0.127
5.650 0.050 0.509 0.055 1.222 0.041 0.714 -0.129
5.670 0.049 0.510 0.057 1.222 0.043 0.714 -0.131
5.690 0.048 0.510 0.059 1.222 0.044 0.713 -0.133
5.710 0.047 0.511 0.061 1.222 0.046 0.713 -0.135
5.730 0.046 0.511 0.063 1.222 0.047 0.713 -0.137
5.750 0.045 0.511 0.065 1.222 0.049 0.712 -0.138
5.770 0.044 0.512 0.067 1.222 0.050 0.712 -0.140
5.790 0.043 0.512 0.069 1.222 0.052 0.712 -0.142
5.810 0.042 0.513 0.071 1.222 0.053 0.711 -0.144
5.830 0.041 0.513 0.073 1.222 0.055 0.711 -0.146
5.850 0.040 0.514 0.075 1.222 0.056 0.711 -0.148
5.870 0.039 0.514 0.077 1.222 0.058 0.710 -0.150
5.890 0.038 0.515 0.079 1.222 0.059 0.710 -0.151
5.910 0.037 0.515 0.081 1.222 0.061 0.709 -0.153
5.930 0.036 0.516 0.082 1.222 0.062 0.709 -0.155
5.950 0.035 0.516 0.084 1.222 0.064 0.708 -0.157
5.970 0.034 0.517 0.086 1.222 0.065 0.708 -0.159
5.990 0.033 0.517 0.088 1.222 0.067 0.708 -0.160
6.010 0.032 0.518 0.090 1.222 0.068 0.707 -0.162
6.030 0.031 0.519 0.092 1.222 0.070 0.707 -0.164
6.050 0.030 0.519 0.093 1.222 0.071 0.706 -0.166
6.070 0.029 0.520 0.095 1.222 0.073 0.706 -0.167
6.090 0.028 0.521 0.097 1.222 0.074 0.705 -0.169
6.110 0.027 0.521 0.098 1.222 0.076 0.704 -0.171
6.130 0.026 0.522 0.100 1.222 0.077 0.704 -0.172
6.150 0.026 0.523 0.102 1.222 0.079 0.703 -0.174
6.170 0.025 0.523 0.104 1.222 0.080 0.703 -0.175
6.190 0.024 0.524 0.105 1.222 0.081 0.702 -0.177
6.210 0.023 0.525 0.107 1.222 0.083 0.702 -0.179
6.230 0.022 0.525 0.108 1.222 0.084 0.701 -0.180
6.250 0.021 0.526 0.110 1.222 0.086 0.700 -0.182
6.270 0.020 0.527 0.111 1.222 0.087 0.700 -0.183
6.290 0.019 0.528 0.113 1.222 0.088 0.699 -0.185
6.310 0.019 0.528 0.115 1.222 0.090 0.699 -0.186
6.330 0.018 0.529 0.116 1.222 0.091 0.698 -0.188
6.350 0.017 0.530 0.118 1.222 0.092 0.697 -0.189
6.370 0.016 0.531 0.119 1.222 0.094 0.697 -0.191
6.390 0.015 0.532 0.120 1.222 0.095 0.696 -0.192
6.410 0.014 0.532 0.122 1.222 0.096 0.695 -0.194
6.430 0.014 0.533 0.123 1.222 0.098 0.695 -0.195
6.450 0.013 0.534 0.125 1.222 0.099 0.694 -0.196
6.470 0.012 0.535 0.126 1.222 0.100 0.693 -0.198
6.490 0.011 0.536 0.127 1.222 0.102 0.692 -0.199
6.510 0.011 0.537 0.128 1.222 0.103 0.692 -0.200
6.530 0.010 0.538 0.130 1.222 0.104 0.691 -0.202
6.550 0.009 0.539 0.131 1.222 0.105 0.690 -0.203
6.570 0.008 0.539 0.132 1.222 0.107 0.689 -0.204
6.590 0.008 0.540 0.133 1.222 0.108 0.689 -0.206
6.610 0.007 0.541 0.135 1.222 0.109 0.688 -0.207
6.630 0.006 0.542 0.136 1.222 0.110 0.687 -0.208
6.650 0.005 0.543 0.137 1.222 0.111 0.686 -0.209
6.670 0.005 0.544 0.138 1.222 0.113 0.685 -0.210
6.690 0.004 0.545 0.139 1.222 0.114 0.685 -0.212
6.710 0.003 0.546 0.140 1.222 0.115 0.684 -0.213
6.730 0.003 0.547 0.141 1.222 0.116 0.683 -0.214
6.750 0.002 0.548 0.142 1.222 0.117 0.682 -0.215
6.770 0.002 0.549 0.143 1.222 0.118 0.681 -0.216
6.790 0.001 0.550 0.144 1.222 0.119 0.680 -0.217
6.810 0.000 0.551 0.145 1.222 0.121 0.680 -0.218
6.830 -0.000 0.552 0.146 1.222 0.122 0.679 -0.219
6.850 -0.001 0.553 0.147 1.222 0.123 0.678 -0.220
6.870 -0.001 0.554 0.147 1.222 0.124 0.677 -0.221
6.890 -0.002 0.555 0.148 1.222 0.125 0.676 -0.222
6.910 -0.002 0.556 0.149 1.222 0.126 0.675 -0.223
6.930 -0.003 0.557 0.150 1.222 0.127 0.674 -0.224
6.950 -0.004 0.558 0.151 1.222 0.128 0.673 -0.225
6.970 -0.004 0.559 0.151 1.222 0.129 0.672 -0.225
6.990 -0.005 0.560 0.152 1.222 0.130 0.671 -0.226
7.010 -0.005 0.561 0.153 1.222 0.131 0.670 -0.227
7.030 -0.005 0.562 0.153 1.222 0.132 0.669 -0.228
7.050 -0.006 0.563 0.154 1.222 0.132 0.668 -0.229
7.070 -0.006 0.565 0.154 1.222 0.133 0.667 -0.229
7.090 -0.007 0.566 0.155 1.222 0.134 0.666 -0.230
7.110 -0.007 0.567 0.155 1.222 0.135 0.665 -0.231
7.130 -0.008 0.568 0.156 1.222 0.136 0.664 -0.232
7.150 -0.008 0.569 0.156 1.222 0.137 0.663 -0.232
7.170 -0.008 0.570 0.157 1.222 0.138 0.662 -0.233
7.190 -0.009 0.571 0.157 1.222 0.138 0.661 -0.233
7.210 -0.009 0.572 0.158 1.222 0.139 0.660 -0.234
7.230 -0.009 0.573 0.158 1.222 0.140 0.659 -0.235
7.250 -0.009 0.574 0.158 1.222 0.141 0.658 -0.235
7.270 -0.010 0.576 0.159 1.222 0.141 0.657 -0.236
7.290 -0.010 0.577 0.159 1.222 0.142 0.656 -0.236
7.310 -0.010 0.578 0.159 1.222 0.143 0.655 -0.237
7.330 -0.010 0.579 0.159 1.222 0.143 0.654 -0.237
7.350 -0.011 0.580 0.160 1.222 0.144 0.653 -0.238
7.370 -0.011 0.581 0.160 1.222 0.144 0.652 -0.238
7.390 -0.011 0.582 0.160 1.222 0.145 0.651 -0.239
7.410 -0.011 0.583 0.160 1.222 0.146 0.650 -0.239
7.430 -0.011 0.585 0.160 1.222 0.146 0.649 -0.239
7.450 -0.011 0.586 0.160 1.222 0.147 0.648 -0.240
7.470 -0.012 0.587 0.160 1.222 0.147 0.647 -0.240
7.490 -0.012 0.588 0.160 1.222 0.148 0.645 -0.240
7.510 -0.012 0.589 0.160 1.222 0.148 0.644 -0.241
7.530 -0.012 0.590 0.160 1.222 0.149 0.643 -0.241
7.550 -0.012 0.591 0.160 1.222 0.149 0.642 -0.241
7.570 -0.012 0.593 0.160 1.222 0.149 0.641 -0.241
7.590 -0.012 0.594 0.160 1.222 0.150 0.640 -0.242
7.610 -0.012 0.595 0.160 1.222 0.150 0.639 -0.242
7.630 -0.012 0.596 0.160 1.222 0.150 0.638 -0.242
7.650 -0.012 0.597 0.159 1.222 0.151 0.637 -0.242
7.670 -0.012 0.598 0.159 1.222 0.151 0.635 -0.242
7.690 -0.012 0.599 0.159 1.222 0.151 0.634 -0.242
7.710 -0.011 0.600 0.159 1.222 0.152 0.633 -0.242
7.730 -0.011 0.602 0.158 1.222 0.152 0.632 -0.243
7.750 -0.011 0.603 0.158 1.222 0.152 0.631 -0.243
7.770 -0.011 0.604 0.158 1.222 0.152 0.630 -0.243
7.790 -0.011 0.605 0.157 1.222 0.152 0.629 -0.243
7.810 -0.010 0.606 0.157 1.222 0.152 0.628 -0.243
7.830 -0.010 0.607 0.157 1.222 0.152 0.626 -0.243
7.850 -0.010 0.608 0.156 1.222 0.153 0.625 -0.243
7.870 -0.010 0.609 0.156 1.222 0.153 0.624 -0.243
7.890 -0.009 0.610 0.155 1.222 0.153 0.623 -0.242
7.910 -0.009 0.612 0.155 1.222 0.153 0.622 -0.242
7.930 -0.009 0.613 0.154 1.222 0.153 0.621 -0.242
7.950 -0.008 0.614 0.154 1.222 0.152 0.620 -0.242
7.970 -0.008 0.615 0.153 1.222 0.152 0.618 -0.242
7.990 -0.008 0.616 0.153 1.222 0.152 0.617 -0.242
8.010 -0.007 0.617 0.152 1.222 0.152 0.616 -0.242
8.030 -0.007 0.618 0.151 1.222 0.152 0.615 -0.241
8.050 -0.006 0.619 0.151 1.222 0.152 0.614 -0.241
8.070 -0.006 0.620 0.150 1.222 0.152 0.613 -0.241
8.090 -0.005 0.621 0.149 1.222 0.151 0.612 -0.241
8.110 -0.005 0.622 0.149 1.222 0.151 0.611 -0.240
8.130 -0.004 0.623 0.148 1.222 0.151 0.609 -0.240
8.150 -0.004 0.624 0.147 1.222 0.151 0.608 -0.240
8.170 -0.003 0.625 0.146 1.222 0.150 0.607 -0.240
8.190 -0.002 0.626 0.146 1.222 0.150 0.606 -0.239
8.210 -0.002 0.627 0.145 1.222 0.150 0.605 -0.239
8.230 -0.001 0.628 0.144 1.222 0.149 0.604 -0.239
8.250 -0.001 0.630 0.143 1.222 0.149 0.603 -0.238
8.270 0.000 0.631 0.142 1.222 0.148 0.602 -0.238
8.290 0.001 0.632 0.141 1.222 0.148 0.601 -0.237
8.310 0.002 0.633 0.140 1.222 0.147 0.599 -0.237
8.330 0.002 0.633 0.140 1.222 0.147 0.598 -0.236
8.350 0.003 0.634 0.139 1.222 0.146 0.597 -0.236
8.370 0.004 0.635 0.138 1.222 0.146 0.596 -0.236
8.390 0.005 0.636 0.137 1.222 0.145 0.595 -0.235
8.410 0.006 0.637 0.136 1.222 0.144 0.594 -0.235
8.430 0.006 0.638 0.135 1.222 0.144 0.593 -0.234
8.450 0.007 0.639 0.134 1.222 0.143 0.592 -0.234
8.470 0.008 0.640 0.133 1.222 0.142 0.591 -0.233
8.490 0.009 0.641 0.131 1.222 0.141 0.590 -0.232
8.510 0.010 0.642 0.130 1.222 0.141 0.589 -0.232
8.530 0.011 0.643 0.129 1.222 0.140 0.588 -0.231
8.550 0.012 0.644 0.128 1.222 0.139 0.587 -0.231
8.570 0.013 0.645 0.127 1.222 0.138 0.586 -0.230
8.590 0.014 0.646 0.126 1.222 0.137 0.585 -0.230
8.610 0.015 0.646 0.125 1.222 0.136 0.584 -0.229
8.630 0.016 0.647 0.124 1.222 0.136 0.583 -0.228
8.650 0.017 0.648 0.122 1.222 0.135 0.582 -0.228
8.670 0.018 0.649 0.121 1.222 0.134 0.581 -0.227
8.690 0.019 0.650 0.120 1.222 0.133 0.580 -0.226
8.710 0.021 0.651 0.119 1.222 0.132 0.579 -0.226
8.730 0.022 0.652 0.118 1.222 0.131 0.578 -0.225
8.750 0.023 0.652 0.116 1.222 0.130 0.577 -0.224
8.770 0.024 0.653 0.115 1.222 0.128 0.576 -0.224
8.790 0.025 0.654 0.114 1.222 0.127 0.575 -0.223
8.810 0.027 0.655 0.113 1.222 0.126 0.574 -0.222
8.830 0.028 0.656 0.111 1.222 0.125 0.573 -0.221
8.850 0.029 0.656 0.110 1.222 0.124 0.572 -0.221
8.870 0.030 0.657 0.109 1.222 0.123 0.571 -0.220
8.890 0.032 0.658 0.107 1.222 0.121 0.571 -0.219
8.910 0.033 0.659 0.106 1.222 0.120 0.570 -0.218
8.930 0.034 0.659 0.105 1.222 0.119 0.569 -0.217
8.950 0.036 0.660 0.103 1.222 0.118 0.568 -0.217
8.970 0.037 0.661 0.102 1.222 0.116 0.567 -0.216
8.990 0.038 0.661 0.100 1.222 0.115 0.566 -0.215
9.010 0.040 0.662 0.099 1.222 0.114 0.566 -0.214
9.030 0.041 0.663 0.098 1.222 0.112 0.565 -0.213
9.050 0.043 0.663 0.096 1.222 0.111 0.564 -0.213
9.070 0.044 0.664 0.095 1.222 0.110 0.563 -0.212
9.090 0.046 0.665 0.093 1.222 0.108 0.562 -0.211
9.110 0.047 0.665 0.092 1.222 0.107 0.562 -0.210
9.130 0.049 0.666 0.090 1.222 0.105 0.561 -0.209
9.150 0.050 0.667 0.089 1.222 0.104 0.560 -0.208
9.170 0.052 0.667 0.088 1.222 0.102 0.559 -0.207
9.190 0.053 0.668 0.086 1.222 0.101 0.559 -0.206
9.210 0.055 0.668 0.085 1.222 0.099 0.558 -0.206
9.230 0.057 0.669 0.083 1.222 0.097 0.557 -0.205
9.250 0.058 0.669 0.082 1.222 0.096 0.556 -0.204
9.270 0.060 0.670 0.080 1.222 0.094 0.556 -0.203
9.290 0.062 0.671 0.079 1.222 0.093 0.555 -0.202
9.310 0.063 0.671 0.077 1.222 0.091 0.554 -0.201
9.330 0.065 0.672 0.075 1.222 0.089 0.554 -0.200
9.350 0.067 0.672 0.074 1.222 0.088 0.553 -0.199
9.370 0.068 0.673 0.072 1.222 0.086 0.553 -0.198
9.390 0.070 0.673 0.071 1.222 0.084 0.552 -0.197
9.410 0.072 0.674 0.069 1.222 0.083 0.551 -0.196
9.430 0.073 0.674 0.068 1.222 0.081 0.551 -0.195
9.450 0.075 0.674 0.066 1.222 0.079 0.550 -0.194
9.470 0.077 0.675 0.065 1.222 0.077 0.550 -0.193
9.490 0.079 0.675 0.063 1.222 0.075 0.549 -0.192
9.510 0.081 0.676 0.061 1.222 0.074 0.549 -0.191
9.530 0.082 0.676 0.060 1.222 0.072 0.548 -0.190
9.550 0.084 0.677 0.058 1.222 0.070 0.548 -0.189
9.570 0.086 0.677 0.057 1.222 0.068 0.547 -0.188
9.590 0.088 0.677 0.055 1.222 0.066 0.547 -0.187
9.610 0.090 0.678 0.053 1.222 0.064 0.546 -0.186
9.630 0.092 0.678 0.052 1.222 0.063 0.546 -0.185
9.650 0.093 0.678 0.050 1.222 0.061 0.545 -0.184
9.670 0.095 0.679 0.049 1.222 0.059 0.545 -0.183
9.690 0.097 0.679 0.047 1.222 0.057 0.544 -0.182
9.710 0.099 0.679 0.045 1.222 0.055 0.544 -0.181
9.730 0.101 0.680 0.044 1.222 0.053 0.544 -0.180
9.750 0.103 0.680 0.042 1.222 0.051 0.543 -0.179
9.770 0.105 0.680 0.040 1.222 0.049 0.543 -0.178
9.790 0.107 0.680 0.039 1.222 0.047 0.543 -0.177
9.810 0.109 0.681 0.037 1.222 0.045 0.542 -0.176
9.830 0.111 0.681 0.035 1.222 0.043 0.542 -0.175
9.850 0.113 0.681 0.034 1.222 0.041 0.542 -0.174
9.870 0.115 0.681 0.032 1.222 0.039 0.541 -0.173
9.890 0.117 0.682 0.030 1.222 0.037 0.541 -0.172
9.910 0.119 0.682 0.029 1.222 0.035 0.541 -0.171
9.930 0.121 0.682 0.027 1.222 0.033 0.541 -0.170
9.950 0.124 0.682 0.025 1.222 0.030 0.540 -0.169
9.970 0.126 0.682 0.023 1.222 0.028 0.540 -0.167
9.990 0.128 0.683 0.021 1.222 0.026 0.540 -0.166
10.010 0.129 0.683 0.020 1.222 0.025 0.540 -0.166
10.020 0.129 0.683 0.020 1.222 0.025 0.540 -0.166
