0.000 0.000 0.000 0.000 0.000 0.000 0.000
0.000 0.000 0.000 0.000 0.000 0.000 0.000
0.119 -0.002 -0.110 0.000 -0.131 0.002 0.063
0.197 -0.003 -0.182 0.000 -0.217 0.004 0.104
0.233 -0.004 -0.215 0.000 -0.256 0.005 0.123
0.227 -0.005 -0.210 0.000 -0.250 0.006 0.120
0.180 -0.005 -0.166 0.000 -0.198 0.006 0.095
0.176 -0.007 -0.163 -0.000 -0.194 0.009 0.093
0.176 -0.009 -0.163 -0.000 -0.194 0.012 0.093
0.176 -0.011 -0.163 -0.000 -0.193 0.013 0.093
0.175 -0.012 -0.163 -0.000 -0.193 0.014 0.093
0.175 -0.012 -0.163 -0.000 -0.193 0.015 0.093
0.175 -0.014 -0.163 0.000 -0.192 0.017 0.093
0.175 -0.015 -0.162 0.000 -0.192 0.019 0.093
0.174 -0.017 -0.162 0.000 -0.192 0.021 0.092
0.174 -0.018 -0.162 0.000 -0.191 0.022 0.092
0.173 -0.018 -0.162 0.000 -0.190 0.023 0.092
0.173 -0.020 -0.162 0.000 -0.190 0.025 0.092
0.173 -0.022 -0.161 0.000 -0.189 0.027 0.092
0.172 -0.023 -0.161 0.000 -0.189 0.028 0.092
0.172 -0.024 -0.161 0.000 -0.188 0.030 0.091
0.171 -0.025 -0.160 0.000 -0.187 0.031 0.091
0.170 -0.026 -0.160 0.000 -0.187 0.033 0.091
0.170 -0.028 -0.160 0.000 -0.186 0.034 0.091
0.169 -0.029 -0.160 0.000 -0.185 0.036 0.090
0.169 -0.030 -0.159 0.000 -0.184 0.037 0.090
0.168 -0.031 -0.159 0.000 -0.183 0.039 0.090
0.167 -0.033 -0.158 0.000 -0.182 0.040 0.090
0.167 -0.034 -0.158 0.000 -0.182 0.042 0.089
0.166 -0.035 -0.158 0.000 -0.181 0.043 0.089
0.165 -0.036 -0.157 0.000 -0.180 0.045 0.089
0.164 -0.037 -0.157 0.000 -0.178 0.046 0.088
0.163 -0.039 -0.156 0.000 -0.177 0.048 0.088
0.163 -0.040 -0.156 0.000 -0.176 0.049 0.088
0.162 -0.041 -0.155 0.000 -0.175 0.051 0.087
0.161 -0.043 -0.155 0.000 -0.174 0.052 0.087
0.160 -0.044 -0.154 0.000 -0.173 0.053 0.086
0.159 -0.045 -0.154 0.000 -0.171 0.055 0.086
0.158 -0.046 -0.153 0.000 -0.170 0.056 0.086
0.157 -0.047 -0.153 0.000 -0.169 0.058 0.085
0.156 -0.049 -0.152 0.000 -0.168 0.059 0.085
0.155 -0.050 -0.151 0.000 -0.166 0.060 0.084
0.154 -0.051 -0.151 -0.000 -0.165 0.062 0.084
0.153 -0.052 -0.150 -0.000 -0.164 0.063 0.083
0.151 -0.053 -0.150 -0.000 -0.162 0.065 0.083
0.150 -0.055 -0.149 -0.000 -0.161 0.066 0.082
0.149 -0.056 -0.148 -0.000 -0.159 0.067 0.082
0.148 -0.057 -0.147 0.000 -0.157 0.069 0.081
0.147 -0.058 -0.147 0.000 -0.156 0.070 0.081
0.146 -0.059 -0.146 0.000 -0.155 0.072 0.080
0.144 -0.061 -0.145 0.000 -0.153 0.073 0.080
0.143 -0.062 -0.144 0.000 -0.151 0.074 0.079
0.142 -0.063 -0.144 -0.000 -0.149 0.075 0.078
0.140 -0.064 -0.143 -0.000 -0.148 0.077 0.078
0.139 -0.065 -0.142 -0.000 -0.146 0.078 0.077
0.138 -0.066 -0.141 -0.000 -0.144 0.079 0.076
0.136 -0.067 -0.140 -0.000 -0.142 0.080 0.076
0.135 -0.069 -0.139 0.000 -0.141 0.081 0.075
0.134 -0.070 -0.138 0.000 -0.139 0.083 0.074
0.132 -0.071 -0.138 0.000 -0.137 0.084 0.074
0.131 -0.072 -0.137 0.000 -0.135 0.085 0.073
0.129 -0.073 -0.136 0.000 -0.133 0.086 0.072
0.128 -0.074 -0.135 -0.000 -0.131 0.087 0.071
0.126 -0.075 -0.134 -0.000 -0.130 0.089 0.071
0.125 -0.077 -0.133 -0.000 -0.128 0.090 0.070
0.123 -0.078 -0.132 -0.000 -0.126 0.091 0.069
0.122 -0.079 -0.130 -0.000 -0.123 0.092 0.068
0.120 -0.080 -0.129 0.000 -0.121 0.093 0.067
0.119 -0.081 -0.128 0.000 -0.120 0.094 0.067
0.117 -0.082 -0.127 0.000 -0.118 0.095 0.066
0.116 -0.083 -0.126 0.000 -0.115 0.096 0.065
0.114 -0.084 -0.125 0.000 -0.113 0.097 0.064
0.112 -0.085 -0.123 -0.000 -0.111 0.098 0.063
0.111 -0.086 -0.122 -0.000 -0.109 0.099 0.062
0.109 -0.087 -0.121 -0.000 -0.107 0.100 0.061
0.108 -0.088 -0.120 -0.000 -0.105 0.101 0.060
0.106 -0.089 -0.118 -0.000 -0.102 0.102 0.059
0.104 -0.090 -0.117 0.000 -0.100 0.103 0.058
0.103 -0.091 -0.116 0.000 -0.098 0.104 0.057
0.101 -0.092 -0.115 0.000 -0.096 0.105 0.056
0.099 -0.093 -0.113 0.000 -0.094 0.106 0.055
0.097 -0.094 -0.112 0.000 -0.091 0.106 0.054
0.096 -0.095 -0.110 -0.000 -0.089 0.107 0.053
0.094 -0.096 -0.109 -0.000 -0.087 0.108 0.052
0.092 -0.097 -0.107 -0.000 -0.085 0.109 0.051
0.091 -0.098 -0.106 -0.000 -0.083 0.110 0.050
0.089 -0.098 -0.104 -0.000 -0.080 0.110 0.049
0.087 -0.099 -0.103 -0.000 -0.077 0.111 0.048
0.085 -0.100 -0.101 -0.000 -0.075 0.112 0.047
0.084 -0.101 -0.100 -0.000 -0.073 0.112 0.046
0.082 -0.102 -0.098 -0.000 -0.071 0.113 0.044
0.080 -0.103 -0.096 -0.000 -0.068 0.114 0.043
0.078 -0.104 -0.095 0.000 -0.066 0.114 0.042
0.077 -0.104 -0.093 0.000 -0.064 0.115 0.041
0.075 -0.105 -0.092 0.000 -0.062 0.115 0.040
0.073 -0.106 -0.090 0.000 -0.059 0.116 0.038
0.071 -0.107 -0.088 0.000 -0.057 0.117 0.037
0.069 -0.107 -0.086 0.000 -0.054 0.117 0.035
0.068 -0.108 -0.085 0.000 -0.052 0.118 0.034
0.066 -0.109 -0.083 0.000 -0.050 0.118 0.033
0.064 -0.110 -0.081 0.000 -0.047 0.119 0.032
0.062 -0.110 -0.079 0.000 -0.045 0.119 0.030
0.060 -0.111 -0.077 0.000 -0.041 0.119 0.029
0.059 -0.112 -0.076 -0.000 -0.040 0.120 0.028
0.057 -0.112 -0.074 -0.000 -0.038 0.120 0.027
0.055 -0.113 -0.072 -0.000 -0.036 0.120 0.025
0.053 -0.114 -0.070 -0.000 -0.033 0.121 0.023
0.051 -0.114 -0.067 -0.000 -0.029 0.121 0.021
0.050 -0.115 -0.066 0.000 -0.028 0.121 0.021
0.048 -0.115 -0.064 0.000 -0.026 0.122 0.020
0.046 -0.116 -0.062 0.000 -0.024 0.122 0.018
0.044 -0.116 -0.060 0.000 -0.021 0.122 0.016
0.042 -0.117 -0.057 0.000 -0.017 0.122 0.014
0.041 -0.117 -0.056 -0.000 -0.017 0.122 0.014
0.039 -0.118 -0.054 -0.000 -0.016 0.123 0.013
0.037 -0.118 -0.052 -0.000 -0.013 0.123 0.011
0.035 -0.119 -0.049 -0.000 -0.008 0.123 0.009
0.033 -0.119 -0.047 -0.000 -0.002 0.123 0.005
0.032 -0.119 -0.045 -0.000 -0.001 0.123 0.004
0.030 -0.120 -0.043 -0.000 -0.001 0.123 0.004
0.028 -0.120 -0.041 -0.000 -0.000 0.123 0.003
0.026 -0.120 -0.039 -0.000 -0.000 0.123 0.002
0.024 -0.121 -0.036 -0.000 -0.000 0.123 0.000
0.023 -0.121 -0.034 -0.000 0.005 0.123 -0.002
0.022 -0.121 -0.032 -0.000 0.010 0.123 -0.005
0.020 -0.122 -0.030 -0.000 0.014 0.123 -0.006
0.018 -0.122 -0.027 -0.000 0.015 0.123 -0.007
0.015 -0.122 -0.024 -0.000 0.015 0.123 -0.007
0.014 -0.122 -0.023 0.000 0.018 0.122 -0.010
0.013 -0.122 -0.021 0.000 0.021 0.122 -0.012
0.012 -0.123 -0.019 0.000 0.024 0.122 -0.014
0.009 -0.123 -0.016 0.000 0.025 0.122 -0.016
0.006 -0.123 -0.011 0.000 0.026 0.122 -0.017
0.004 -0.123 -0.010 -0.000 0.029 0.121 -0.018
0.004 -0.123 -0.009 -0.000 0.032 0.121 -0.021
0.003 -0.123 -0.007 -0.000 0.034 0.121 -0.023
0.002 -0.123 -0.005 -0.000 0.036 0.121 -0.024
0.001 -0.123 -0.001 -0.000 0.037 0.120 -0.025
-0.002 -0.123 0.002 -0.000 0.040 0.120 -0.027
-0.004 -0.123 0.004 -0.000 0.042 0.120 -0.029
-0.006 -0.123 0.006 -0.000 0.044 0.119 -0.031
-0.007 -0.123 0.008 -0.000 0.046 0.119 -0.033
-0.008 -0.123 0.008 -0.000 0.048 0.118 -0.034
-0.009 -0.122 0.012 0.000 0.050 0.118 -0.036
-0.012 -0.122 0.016 0.000 0.052 0.117 -0.038
-0.014 -0.122 0.019 0.000 0.054 0.117 -0.040
-0.015 -0.122 0.022 0.000 0.056 0.116 -0.042
-0.016 -0.122 0.023 0.000 0.058 0.116 -0.043
-0.017 -0.121 0.025 -0.000 0.060 0.115 -0.045
-0.020 -0.121 0.028 -0.000 0.062 0.115 -0.047
-0.021 -0.121 0.031 -0.000 0.064 0.114 -0.049
-0.023 -0.121 0.034 -0.000 0.066 0.114 -0.051
-0.024 -0.120 0.035 -0.000 0.067 0.113 -0.052
-0.025 -0.120 0.038 -0.000 0.069 0.112 -0.054
-0.027 -0.120 0.041 -0.000 0.071 0.112 -0.056
-0.028 -0.119 0.044 -0.000 0.073 0.111 -0.058
-0.030 -0.119 0.046 -0.000 0.075 0.110 -0.060
-0.031 -0.118 0.048 -0.000 0.076 0.110 -0.061
-0.032 -0.118 0.050 0.000 0.078 0.109 -0.063
-0.034 -0.118 0.053 0.000 0.080 0.108 -0.065
-0.035 -0.117 0.056 0.000 0.082 0.108 -0.067
-0.036 -0.117 0.058 0.000 0.083 0.107 -0.069
-0.037 -0.116 0.060 0.000 0.085 0.106 -0.070
-0.039 -0.115 0.063 0.000 0.086 0.105 -0.072
-0.040 -0.115 0.066 0.000 0.088 0.104 -0.074
-0.042 -0.114 0.068 0.000 0.090 0.104 -0.076
-0.043 -0.114 0.071 0.000 0.091 0.103 -0.078
-0.044 -0.113 0.073 0.000 0.093 0.102 -0.079
-0.045 -0.112 0.075 -0.000 0.094 0.101 -0.081
-0.046 -0.112 0.078 -0.000 0.096 0.100 -0.083
-0.048 -0.111 0.081 -0.000 0.097 0.099 -0.085
-0.049 -0.110 0.083 -0.000 0.099 0.099 -0.086
-0.050 -0.109 0.085 -0.000 0.100 0.098 -0.088
-0.051 -0.109 0.087 0.000 0.102 0.097 -0.090
-0.052 -0.108 0.090 0.000 0.103 0.096 -0.092
-0.053 -0.107 0.093 0.000 0.105 0.095 -0.094
-0.054 -0.106 0.095 0.000 0.106 0.094 -0.095
-0.055 -0.105 0.097 0.000 0.107 0.093 -0.097
-0.056 -0.105 0.099 -0.000 0.108 0.092 -0.098
-0.057 -0.104 0.102 -0.000 0.110 0.091 -0.100
-0.059 -0.103 0.104 -0.000 0.111 0.090 -0.102
-0.060 -0.102 0.107 -0.000 0.112 0.089 -0.104
-0.061 -0.101 0.109 -0.000 0.114 0.088 -0.105
-0.061 -0.100 0.111 -0.000 0.115 0.087 -0.107
-0.062 -0.099 0.113 -0.000 0.116 0.086 -0.109
-0.063 -0.098 0.116 -0.000 0.117 0.085 -0.111
-0.064 -0.097 0.118 -0.000 0.118 0.084 -0.112
-0.065 -0.096 0.120 -0.000 0.119 0.083 -0.114
-0.066 -0.095 0.122 0.000 0.120 0.082 -0.115
-0.067 -0.094 0.125 0.000 0.122 0.081 -0.117
-0.068 -0.093 0.127 0.000 0.123 0.080 -0.119
-0.069 -0.092 0.129 0.000 0.124 0.079 -0.120
-0.070 -0.091 0.131 0.000 0.125 0.078 -0.122
-0.070 -0.090 0.133 -0.000 0.126 0.076 -0.123
-0.071 -0.089 0.135 -0.000 0.127 0.075 -0.125
-0.072 -0.088 0.137 -0.000 0.128 0.074 -0.127
-0.073 -0.086 0.139 -0.000 0.129 0.073 -0.128
-0.074 -0.085 0.141 -0.000 0.130 0.072 -0.130
-0.074 -0.084 0.143 -0.000 0.130 0.071 -0.131
-0.075 -0.083 0.145 -0.000 0.131 0.070 -0.132
-0.076 -0.082 0.147 -0.000 0.132 0.069 -0.134
-0.076 -0.080 0.149 -0.000 0.133 0.068 -0.135
-0.077 -0.079 0.151 -0.000 0.134 0.066 -0.137
-0.078 -0.078 0.152 -0.000 0.135 0.065 -0.138
-0.078 -0.077 0.154 0.000 0.136 0.064 -0.140
-0.079 -0.076 0.156 0.000 0.137 0.063 -0.141
-0.080 -0.074 0.158 0.000 0.137 0.062 -0.142
-0.080 -0.073 0.160 0.000 0.138 0.061 -0.144
-0.081 -0.071 0.161 0.000 0.139 0.059 -0.145
-0.081 -0.070 0.163 0.000 0.139 0.058 -0.146
-0.082 -0.069 0.165 0.000 0.140 0.057 -0.148
-0.083 -0.068 0.167 0.000 0.141 0.056 -0.149
-0.083 -0.066 0.168 0.000 0.141 0.055 -0.150
-0.084 -0.065 0.169 0.000 0.142 0.053 -0.151
-0.084 -0.064 0.171 0.000 0.143 0.052 -0.152
-0.085 -0.062 0.173 0.000 0.143 0.051 -0.154
-0.085 -0.061 0.174 0.000 0.144 0.050 -0.155
-0.086 -0.059 0.176 0.000 0.145 0.049 -0.156
-0.086 -0.058 0.177 0.000 0.145 0.047 -0.157
-0.086 -0.057 0.178 0.000 0.146 0.046 -0.158
-0.087 -0.055 0.180 0.000 0.146 0.045 -0.159
-0.087 -0.054 0.181 0.000 0.147 0.044 -0.160
-0.088 -0.052 0.182 0.000 0.147 0.043 -0.161
-0.088 -0.051 0.183 0.000 0.148 0.041 -0.162
-0.088 -0.049 0.185 0.000 0.148 0.040 -0.163
-0.089 -0.048 0.186 0.000 0.149 0.039 -0.164
-0.089 -0.047 0.187 0.000 0.149 0.038 -0.165
-0.089 -0.045 0.188 0.000 0.149 0.037 -0.166
-0.090 -0.043 0.189 0.000 0.150 0.035 -0.166
-0.090 -0.042 0.190 0.000 0.150 0.034 -0.167
-0.090 -0.041 0.191 0.000 0.151 0.033 -0.168
-0.091 -0.039 0.192 0.000 0.151 0.032 -0.169
-0.091 -0.038 0.193 0.000 0.151 0.030 -0.170
-0.091 -0.036 0.194 0.000 0.152 0.029 -0.170
-0.091 -0.035 0.195 0.000 0.152 0.028 -0.171
-0.092 -0.033 0.196 0.000 0.152 0.027 -0.172
-0.092 -0.032 0.197 0.000 0.153 0.026 -0.172
-0.092 -0.030 0.197 0.000 0.153 0.024 -0.173
-0.092 -0.028 0.198 0.000 0.153 0.023 -0.173
-0.092 -0.027 0.199 0.000 0.153 0.022 -0.174
-0.093 -0.026 0.199 0.000 0.154 0.021 -0.174
-0.093 -0.024 0.200 0.000 0.154 0.020 -0.175
-0.093 -0.023 0.200 0.000 0.154 0.018 -0.175
-0.093 -0.021 0.201 0.000 0.154 0.016 -0.176
-0.093 -0.019 0.201 0.000 0.154 0.015 -0.176
-0.093 -0.018 0.202 0.000 0.154 0.015 -0.177
-0.093 -0.017 0.202 0.000 0.155 0.013 -0.177
-0.093 -0.015 0.203 0.000 0.155 0.012 -0.177
-0.094 -0.013 0.203 0.000 0.155 0.010 -0.177
-0.094 -0.011 0.203 0.000 0.155 0.009 -0.178
-0.094 -0.011 0.204 0.000 0.155 0.009 -0.178
-0.094 -0.010 0.204 0.000 0.155 0.008 -0.178
-0.094 -0.007 0.204 0.000 0.155 0.006 -0.178
-0.094 -0.004 0.204 0.000 0.155 0.003 -0.178
-0.094 -0.001 0.204 0.000 0.155 0.001 -0.178
-0.094 -0.001 0.204 0.000 0.155 0.001 -0.179
-0.094 -0.001 0.204 0.000 0.155 0.001 -0.179
-0.094 -0.000 0.204 0.000 0.155 0.000 -0.179
-0.094 -0.000 0.204 0.000 0.155 0.000 -0.179
-0.094 0.002 0.204 0.000 0.155 -0.002 -0.178
-0.094 0.006 0.204 0.000 0.155 -0.004 -0.179
-0.094 0.008 0.204 0.000 0.155 -0.007 -0.178
-0.094 0.010 0.204 0.000 0.155 -0.008 -0.178
-0.094 0.010 0.203 0.000 0.155 -0.008 -0.178
-0.093 0.011 0.203 0.000 0.155 -0.009 -0.178
-0.093 0.013 0.203 0.000 0.155 -0.011 -0.178
-0.093 0.015 0.203 0.000 0.155 -0.012 -0.177
-0.093 0.017 0.202 0.000 0.155 -0.013 -0.177
-0.093 0.018 0.202 0.000 0.154 -0.014 -0.177
-0.093 0.019 0.201 0.000 0.154 -0.015 -0.176
-0.093 0.021 0.201 0.000 0.154 -0.017 -0.176
-0.093 0.023 0.200 0.000 0.154 -0.018 -0.176
-0.092 0.024 0.200 0.000 0.154 -0.020 -0.175
-0.092 0.026 0.199 0.000 0.153 -0.020 -0.175
-0.092 0.027 0.198 0.000 0.153 -0.021 -0.174
-0.092 0.029 0.198 0.000 0.153 -0.023 -0.174
-0.092 0.030 0.197 0.000 0.153 -0.024 -0.173
-0.091 0.032 0.196 0.000 0.153 -0.026 -0.173
-0.091 0.033 0.196 0.000 0.152 -0.027 -0.172
-0.091 0.034 0.195 0.000 0.152 -0.028 -0.171
-0.091 0.036 0.194 0.000 0.152 -0.029 -0.171
-0.090 0.038 0.193 0.000 0.151 -0.031 -0.170
-0.090 0.039 0.192 0.000 0.151 -0.032 -0.169
-0.090 0.041 0.191 0.000 0.151 -0.033 -0.168
-0.089 0.042 0.190 -0.000 0.150 -0.034 -0.168
-0.089 0.044 0.189 -0.000 0.150 -0.035 -0.167
-0.089 0.045 0.188 -0.000 0.149 -0.037 -0.166
-0.088 0.047 0.187 -0.000 0.149 -0.038 -0.165
-0.088 0.048 0.186 -0.000 0.148 -0.039 -0.164
-0.088 0.049 0.184 0.000 0.148 -0.040 -0.163
-0.087 0.051 0.183 0.000 0.148 -0.041 -0.163
-0.087 0.052 0.182 0.000 0.147 -0.043 -0.162
-0.087 0.054 0.181 0.000 0.147 -0.044 -0.161
-0.086 0.055 0.179 0.000 0.146 -0.045 -0.160
-0.086 0.056 0.178 0.000 0.145 -0.046 -0.158
-0.085 0.058 0.177 0.000 0.145 -0.047 -0.157
-0.085 0.060 0.175 0.000 0.144 -0.049 -0.156
-0.084 0.061 0.174 0.000 0.144 -0.050 -0.155
-0.084 0.062 0.172 0.000 0.143 -0.051 -0.154
-0.083 0.063 0.171 0.000 0.143 -0.052 -0.153
-0.083 0.065 0.169 0.000 0.142 -0.053 -0.152
-0.082 0.066 0.168 0.000 0.141 -0.055 -0.151
-0.082 0.068 0.166 0.000 0.141 -0.056 -0.149
-0.081 0.069 0.165 0.000 0.140 -0.057 -0.148
-0.081 0.070 0.163 0.000 0.139 -0.058 -0.147
-0.080 0.072 0.161 0.000 0.139 -0.059 -0.146
-0.079 0.073 0.160 0.000 0.138 -0.061 -0.144
-0.079 0.074 0.158 0.000 0.137 -0.062 -0.143
-0.078 0.075 0.156 0.000 0.136 -0.063 -0.142
-0.077 0.077 0.154 0.000 0.135 -0.064 -0.140
-0.077 0.078 0.152 -0.000 0.135 -0.065 -0.139
-0.076 0.079 0.151 -0.000 0.134 -0.066 -0.138
-0.076 0.080 0.149 -0.000 0.133 -0.068 -0.136
-0.075 0.082 0.147 -0.000 0.132 -0.069 -0.135
-0.074 0.083 0.145 -0.000 0.131 -0.070 -0.133
-0.073 0.084 0.143 0.000 0.130 -0.071 -0.132
-0.073 0.085 0.141 0.000 0.130 -0.072 -0.130
-0.072 0.086 0.139 0.000 0.129 -0.073 -0.129
-0.071 0.087 0.137 0.000 0.128 -0.074 -0.127
-0.070 0.088 0.135 0.000 0.127 -0.075 -0.126
-0.070 0.090 0.133 0.000 0.126 -0.076 -0.124
-0.069 0.091 0.131 0.000 0.125 -0.078 -0.123
-0.068 0.092 0.129 0.000 0.124 -0.079 -0.121
-0.067 0.093 0.127 0.000 0.123 -0.080 -0.119
-0.066 0.094 0.124 0.000 0.121 -0.081 -0.118
-0.065 0.095 0.122 0.000 0.120 -0.082 -0.116
-0.064 0.096 0.120 0.000 0.119 -0.083 -0.115
-0.064 0.097 0.118 0.000 0.118 -0.084 -0.113
-0.063 0.098 0.116 0.000 0.117 -0.085 -0.111
-0.062 0.099 0.113 0.000 0.116 -0.086 -0.109
-0.061 0.100 0.111 -0.000 0.115 -0.087 -0.108
-0.060 0.101 0.109 -0.000 0.114 -0.088 -0.106
-0.059 0.102 0.107 -0.000 0.112 -0.089 -0.105
-0.058 0.103 0.104 -0.000 0.111 -0.090 -0.103
-0.057 0.104 0.102 -0.000 0.110 -0.091 -0.101
-0.056 0.104 0.099 -0.000 0.108 -0.092 -0.099
-0.055 0.105 0.097 -0.000 0.107 -0.093 -0.098
-0.054 0.106 0.095 -0.000 0.106 -0.094 -0.096
-0.052 0.107 0.093 -0.000 0.104 -0.095 -0.094
-0.051 0.108 0.090 -0.000 0.103 -0.096 -0.092
-0.050 0.109 0.088 -0.000 0.102 -0.097 -0.090
-0.049 0.109 0.085 -0.000 0.100 -0.098 -0.089
-0.048 0.110 0.083 -0.000 0.099 -0.099 -0.087
-0.047 0.111 0.080 -0.000 0.097 -0.099 -0.085
-0.045 0.111 0.078 -0.000 0.096 -0.100 -0.083
-0.044 0.112 0.075 0.000 0.094 -0.101 -0.082
-0.043 0.113 0.073 0.000 0.093 -0.102 -0.080
-0.042 0.114 0.071 0.000 0.091 -0.103 -0.078
-0.041 0.114 0.068 0.000 0.090 -0.104 -0.076
-0.039 0.115 0.065 0.000 0.088 -0.104 -0.074
-0.038 0.115 0.063 -0.000 0.086 -0.105 -0.073
-0.037 0.116 0.061 -0.000 0.085 -0.106 -0.071
-0.036 0.116 0.059 -0.000 0.083 -0.107 -0.069
-0.034 0.117 0.056 -0.000 0.082 -0.107 -0.067
-0.033 0.117 0.053 -0.000 0.080 -0.108 -0.065
-0.032 0.118 0.050 -0.000 0.078 -0.109 -0.063
-0.030 0.118 0.048 -0.000 0.076 -0.110 -0.062
-0.029 0.119 0.046 -0.000 0.075 -0.110 -0.060
-0.028 0.119 0.043 -0.000 0.073 -0.111 -0.058
-0.026 0.120 0.040 -0.000 0.071 -0.112 -0.056
-0.025 0.120 0.038 0.000 0.069 -0.112 -0.054
-0.024 0.120 0.036 0.000 0.068 -0.113 -0.053
-0.022 0.121 0.034 0.000 0.066 -0.114 -0.051
-0.021 0.121 0.031 0.000 0.064 -0.114 -0.049
-0.019 0.121 0.028 0.000 0.062 -0.115 -0.047
-0.017 0.121 0.025 -0.000 0.060 -0.115 -0.045
-0.016 0.122 0.024 -0.000 0.058 -0.116 -0.044
-0.015 0.122 0.022 -0.000 0.056 -0.116 -0.042
-0.013 0.122 0.019 -0.000 0.054 -0.117 -0.040
-0.011 0.122 0.015 -0.000 0.052 -0.117 -0.038
-0.009 0.122 0.011 0.000 0.050 -0.118 -0.036
-0.009 0.123 0.011 0.000 0.048 -0.118 -0.035
-0.008 0.123 0.009 0.000 0.046 -0.119 -0.033
-0.006 0.123 0.007 0.000 0.044 -0.119 -0.031
-0.003 0.123 0.003 0.000 0.042 -0.119 -0.029
0.000 0.123 -0.001 -0.000 0.039 -0.120 -0.027
0.001 0.123 -0.003 -0.000 0.038 -0.120 -0.026
0.001 0.123 -0.005 -0.000 0.036 -0.121 -0.025
0.002 0.123 -0.006 -0.000 0.034 -0.121 -0.023
0.002 0.123 -0.007 -0.000 0.031 -0.121 -0.020
0.004 0.123 -0.008 -0.000 0.029 -0.121 -0.018
0.007 0.123 -0.013 -0.000 0.027 -0.122 -0.018
0.010 0.123 -0.017 -0.000 0.026 -0.122 -0.016
0.012 0.123 -0.019 -0.000 0.023 -0.122 -0.014
0.013 0.122 -0.021 -0.000 0.020 -0.122 -0.012
0.013 0.122 -0.021 -0.000 0.017 -0.122 -0.009
0.016 0.122 -0.025 -0.000 0.017 -0.123 -0.009
0.018 0.122 -0.028 -0.000 0.016 -0.123 -0.008
0.020 0.122 -0.030 -0.000 0.013 -0.123 -0.006
0.021 0.121 -0.032 -0.000 0.008 -0.123 -0.003
0.022 0.121 -0.033 -0.000 0.003 -0.123 0.000
0.024 0.121 -0.036 -0.000 0.002 -0.123 0.001
0.027 0.121 -0.039 -0.000 0.002 -0.123 0.002
0.028 0.120 -0.041 -0.000 0.001 -0.123 0.002
0.030 0.120 -0.043 -0.000 0.001 -0.123 0.003
0.031 0.119 -0.044 -0.000 -0.000 -0.123 0.003
0.033 0.119 -0.047 -0.000 -0.006 -0.123 0.007
0.035 0.119 -0.050 -0.000 -0.010 -0.123 0.010
0.037 0.118 -0.052 -0.000 -0.013 -0.123 0.012
0.039 0.118 -0.054 -0.000 -0.014 -0.123 0.012
0.040 0.117 -0.055 -0.000 -0.014 -0.122 0.012
0.042 0.117 -0.058 -0.000 -0.018 -0.122 0.015
0.044 0.116 -0.060 -0.000 -0.022 -0.122 0.017
0.046 0.116 -0.062 -0.000 -0.024 -0.122 0.019
0.047 0.115 -0.064 -0.000 -0.026 -0.122 0.020
0.049 0.115 -0.065 -0.000 -0.027 -0.121 0.020
0.051 0.114 -0.068 -0.000 -0.030 -0.121 0.022
0.053 0.114 -0.070 -0.000 -0.033 -0.121 0.024
0.055 0.113 -0.072 -0.000 -0.036 -0.121 0.026
0.056 0.112 -0.074 -0.000 -0.038 -0.120 0.027
0.058 0.112 -0.075 -0.000 -0.039 -0.120 0.028
0.060 0.111 -0.077 0.000 -0.042 -0.119 0.029
0.062 0.110 -0.079 0.000 -0.045 -0.119 0.031
0.064 0.110 -0.081 0.000 -0.047 -0.119 0.032
0.065 0.109 -0.083 0.000 -0.050 -0.118 0.034
0.067 0.108 -0.084 0.000 -0.051 -0.118 0.035
0.069 0.108 -0.086 -0.000 -0.054 -0.117 0.036
0.071 0.107 -0.088 -0.000 -0.057 -0.117 0.038
0.073 0.106 -0.090 -0.000 -0.059 -0.116 0.039
0.074 0.105 -0.092 -0.000 -0.061 -0.116 0.040
0.076 0.104 -0.093 -0.000 -0.063 -0.115 0.041
0.078 0.104 -0.095 0.000 -0.066 -0.114 0.042
0.080 0.103 -0.097 0.000 -0.069 -0.114 0.044
0.081 0.102 -0.098 0.000 -0.071 -0.113 0.045
0.083 0.101 -0.100 0.000 -0.073 -0.112 0.046
0.085 0.100 -0.101 0.000 -0.075 -0.112 0.047
0.086 0.099 -0.103 -0.000 -0.078 -0.111 0.048
0.088 0.099 -0.104 -0.000 -0.080 -0.110 0.050
0.090 0.098 -0.106 -0.000 -0.083 -0.110 0.051
0.092 0.097 -0.107 -0.000 -0.085 -0.109 0.052
0.093 0.096 -0.109 -0.000 -0.087 -0.108 0.053
0.095 0.095 -0.110 -0.000 -0.089 -0.107 0.054
0.097 0.094 -0.112 -0.000 -0.092 -0.106 0.055
0.099 0.093 -0.113 -0.000 -0.094 -0.106 0.056
0.100 0.092 -0.115 -0.000 -0.096 -0.105 0.057
0.102 0.091 -0.116 -0.000 -0.098 -0.104 0.058
0.103 0.090 -0.117 0.000 -0.100 -0.103 0.059
0.105 0.089 -0.119 0.000 -0.103 -0.102 0.060
0.107 0.088 -0.120 0.000 -0.105 -0.101 0.061
0.109 0.087 -0.121 0.000 -0.107 -0.100 0.062
0.110 0.086 -0.122 0.000 -0.109 -0.099 0.063
0.112 0.085 -0.123 -0.000 -0.111 -0.098 0.064
0.113 0.084 -0.125 -0.000 -0.113 -0.097 0.065
0.115 0.083 -0.126 -0.000 -0.116 -0.096 0.066
0.117 0.082 -0.127 -0.000 -0.118 -0.095 0.067
0.118 0.081 -0.128 -0.000 -0.119 -0.094 0.067
0.120 0.080 -0.129 -0.000 -0.121 -0.093 0.068
0.121 0.079 -0.131 -0.000 -0.124 -0.092 0.069
0.123 0.078 -0.132 -0.000 -0.126 -0.091 0.070
0.124 0.077 -0.133 -0.000 -0.128 -0.090 0.071
0.126 0.075 -0.134 -0.000 -0.129 -0.089 0.071
0.127 0.074 -0.135 0.000 -0.131 -0.087 0.072
0.129 0.073 -0.136 0.000 -0.133 -0.086 0.073
0.130 0.072 -0.137 0.000 -0.135 -0.085 0.074
0.132 0.071 -0.138 0.000 -0.137 -0.084 0.074
0.133 0.070 -0.138 0.000 -0.139 -0.083 0.075
0.134 0.069 -0.139 0.000 -0.141 -0.082 0.076
0.136 0.068 -0.140 0.000 -0.143 -0.080 0.077
0.137 0.066 -0.141 0.000 -0.145 -0.079 0.077
0.138 0.065 -0.142 0.000 -0.146 -0.078 0.078
0.140 0.064 -0.143 0.000 -0.148 -0.077 0.078
0.141 0.063 -0.144 -0.000 -0.149 -0.075 0.079
0.142 0.062 -0.145 -0.000 -0.151 -0.074 0.080
0.144 0.061 -0.145 -0.000 -0.153 -0.073 0.080
0.145 0.059 -0.146 -0.000 -0.155 -0.072 0.081
0.146 0.058 -0.147 -0.000 -0.156 -0.070 0.081
0.147 0.057 -0.148 0.000 -0.158 -0.069 0.082
0.149 0.056 -0.148 0.000 -0.159 -0.068 0.083
0.150 0.055 -0.149 0.000 -0.161 -0.066 0.083
0.151 0.053 -0.150 0.000 -0.162 -0.065 0.084
0.152 0.052 -0.150 0.000 -0.164 -0.063 0.084
0.153 0.051 -0.151 -0.000 -0.165 -0.062 0.084
0.154 0.050 -0.152 -0.000 -0.166 -0.061 0.085
0.155 0.049 -0.152 -0.000 -0.168 -0.059 0.085
0.156 0.047 -0.153 -0.000 -0.169 -0.058 0.086
0.157 0.046 -0.153 -0.000 -0.170 -0.056 0.086
0.158 0.045 -0.154 0.000 -0.172 -0.055 0.087
0.159 0.044 -0.154 0.000 -0.173 -0.054 0.087
0.160 0.043 -0.155 0.000 -0.174 -0.052 0.087
0.161 0.041 -0.156 0.000 -0.175 -0.051 0.088
0.162 0.040 -0.156 0.000 -0.176 -0.049 0.088
0.163 0.039 -0.156 0.000 -0.177 -0.047 0.088
0.164 0.038 -0.157 0.000 -0.179 -0.046 0.089
0.165 0.036 -0.157 0.000 -0.180 -0.045 0.089
0.165 0.035 -0.158 0.000 -0.181 -0.043 0.090
0.166 0.034 -0.158 0.000 -0.182 -0.042 0.090
0.167 0.032 -0.159 0.000 -0.182 -0.040 0.090
0.168 0.031 -0.159 0.000 -0.183 -0.039 0.090
0.168 0.030 -0.159 0.000 -0.184 -0.037 0.091
0.169 0.029 -0.160 0.000 -0.185 -0.036 0.091
0.170 0.028 -0.160 0.000 -0.186 -0.034 0.091
0.170 0.026 -0.160 0.000 -0.187 -0.032 0.091
0.171 0.025 -0.161 0.000 -0.187 -0.031 0.092
0.171 0.024 -0.161 0.000 -0.188 -0.030 0.092
0.172 0.023 -0.161 0.000 -0.189 -0.028 0.092
0.172 0.021 -0.161 0.000 -0.189 -0.026 0.092
0.176 0.020 -0.165 0.000 -0.194 -0.025 0.094
0.223 0.023 -0.208 0.000 -0.246 -0.028 0.119
0.229 0.022 -0.214 0.000 -0.252 -0.027 0.122
0.194 0.018 -0.181 0.000 -0.213 -0.023 0.103
0.118 0.011 -0.109 0.000 -0.129 -0.013 0.063
0.000 0.000 0.000 0.000 0.000 0.000 0.000
0.000 0.000 0.000 0.000 0.000 0.000 0.000
